-0.339882424081402	-0.930615582855647	-0.759622057722358	-0.432573015362952	0.676471950054851	0.802705328268891	-0.100105551248036	0.977072688573185	-0.932422423810227	0.718900839590811	0.0571136830576957	0.950917234493082	0.754443021607566	-0.677329835608464	-0.293249458287816	-0.883986369973811
0.511132253366992	-0.780026690101821	-0.93227292948828	-0.117804649862684	-0.740432873357707	0.943204904674763	0.880306516584924	0.866239294390741	0.967516541271823	0.38607160632092	0.40495096928862	-0.257375630382587	-0.871788117970188	-0.113096488424338	0.0859747047486243	0.0803241478379892
0.00710838263647928	0.814080675075298	-0.752779526853842	0.704450435535458	-0.649908532519063	0.528331958903163	-0.0813352675480836	0.212127364468528	-0.271920944168973	-0.196109860174837	0.460149304215842	0.910256611940047	0.757597614611581	0.21946359481382	0.935531517631175	0.268276295325893
-0.261889187051364	-0.839470744892588	-0.527384252894094	0.988679574251654	0.818607722178675	0.581573745244526	-0.729707487185054	0.100678382485001	-0.89232330432341	0.353106992323441	0.644561177517776	0.822804203806259	-0.705589904562798	-0.390275882182447	0.559743574534611	-0.0255431589648982
-0.221399333058476	0.763366350033665	0.786539129635218	-0.228000330062458	0.455101541792716	0.825299356022695	0.808254148797051	-0.837095312711656	-0.933316884338858	0.144818890918055	-0.981419565136346	-0.603343220017193	-0.958639715818206	0.584542517427304	-0.61834117456573	0.904165267756
-0.471869705059538	0.160360679751153	-0.129217834700179	-0.169799630470816	-0.891573988521089	-0.480608763132407	-0.511643917812956	0.418190167699281	0.317701464864918	-0.761637316811439	-0.741561733369191	-0.844062760144252	0.470480177978291	0.112299988781426	0.6687423788545	-0.787751069655857
0.609577291796201	-0.643955139175323	-0.517388559056058	0.189459937729421	0.736465828885035	0.637336747190967	0.180168264580323	-0.995424317579944	0.889064086896734	0.584953802880104	-0.201343141468293	0.746898996285899	0.348792651792861	-0.515268788151322	-0.663110552093874	0.722249602741956
0.601824518055061	0.340691964526321	0.0702149619328201	0.371852232875274	0.910367679197706	0.255504581219857	0.638263993040826	-0.622069334691268	0.502950859695224	-0.556839001020502	-0.167100373767554	0.581747193508968	-0.200076270827718	-0.909781502578744	-0.597909316600346	-0.914274327688707
-0.56148552626925	0.769808769589871	-0.902356033305574	0.624079482249504	-0.934816415439113	-0.169915062492425	0.189333114679942	-0.606409439233948	0.592182424666561	-0.578023565572606	-0.651172962983181	0.227683558568385	0.882112897565809	0.323129892969944	-0.570203249669144	0.827179600871013
-0.615187367359815	0.134956680306287	0.315331431404013	0.37115888034765	-0.292519217732301	0.913581052578994	-0.512522845486868	0.496543425895111	-0.219544935660003	0.689513264510808	-0.256032039608743	0.415211972976393	-0.308689411320813	0.754315813418426	0.501055833808248	-0.131149331983969
-0.69121939556425	0.948631745146228	0.0053247006409789	0.782816387285687	0.45298216628344	-0.00564070844088382	0.214428491307348	-0.301422375984077	0.0524291217054915	0.593830368581034	-0.452648143539054	-0.414632806124001	-0.303696228953761	0.751945737055491	-0.813361699715787	-0.586639186175971
0.332100737426132	0.215425234492013	-0.160897033802913	-0.778404707434818	0.633228881566096	-0.501390840866125	0.0183567980787191	0.608265344378803	0.0196600613439541	-0.39459999330663	0.723853242877582	-0.885211363776828	0.461513656531137	0.801759387275925	-0.0719132621022291	-0.0612720598778262
-0.0982735865918312	-0.629098020749622	-0.351490377575883	-0.472057034759619	0.660154347409728	0.392720093300886	-0.332925212101578	0.160464983609381	-0.42432359246051	-0.472058678313153	-0.480197469024457	0.354160071149703	0.0396530984337071	-0.846492530827493	-0.888309489930916	-0.482543361113537
-0.716408496518687	-0.176930582655482	-0.693863299362943	0.658017827025829	0.478399056956926	-0.80225938742828	0.64126617689748	-0.545776781618789	-0.786117304283708	0.325551920417902	0.909152215543857	0.629128918449145	0.246505566804835	-0.34346249920378	-0.445263996559	-0.131246282240048
-0.716367258098118	0.768831307526101	-0.960476077419633	-0.314628206746515	-0.523387824898262	0.969128001926064	0.693195804234664	0.589023192789889	0.800556133365972	0.560209437444587	0.673021543293496	-0.357813471110596	0.48549115180334	0.328988569993102	-0.421632618795933	-0.325255534044393
0.475881502991038	-0.378560365216861	0.200815000702301	0.563359653322231	-0.776933750630113	0.158658578777812	0.74074244062344	0.379552499222248	-0.514059498156743	-0.314555496260482	0.0908795759508514	-0.864854614621367	-0.179103200602911	-0.524977205541213	-0.0220528871505454	0.612133176603575
-0.0264028683093089	-0.668217755829316	-0.278686990373777	0.761443883527427	0.488704359992399	-0.166457898161098	0.814709616950507	-0.81138625245694	-0.637347477963711	0.893174464366403	-0.798301886279237	-0.223923860051587	-0.421550275950028	-0.853826278404814	-0.610783989125834	-0.165029537793434
-0.550950893327966	-0.459950661969009	-0.163117041994822	0.995471959546648	0.822060807861562	0.100853777432075	0.19267163155276	-0.841709521394185	0.153272074781097	0.796344623943275	-0.0733788654813097	-0.203207146253802	-0.791077770403217	0.304472777357421	0.983400010707203	0.356145631946588
0.375195243065507	-0.546297708171919	0.958007209942128	0.95134187829974	-0.420972397839703	-0.323133360774153	0.992889330076468	0.577941053890232	0.589843095937833	0.264737747456697	0.622901571152596	-0.103813498098202	0.661227105232854	-0.746673371478379	0.026536255656336	0.431862504706496
-0.809438245981389	0.935641599104824	0.240222818751253	-0.687993686217933	-0.20326587172093	0.765009891569224	0.0780278404279389	0.0873521380753515	-0.115094960310647	-0.632509427089986	-0.501538404383972	-0.429776895868837	0.059019018842368	0.119674747594129	-0.169708635845355	0.811360644600277
-0.0373152629602727	-0.0629390491691439	0.817099050040379	-0.165705024264647	0.0882760119180959	0.398017723703133	-0.841899488835632	0.0188317315149282	-0.0262034022566187	0.711760566315844	0.228809541198218	-0.765169493125583	0.213745877973298	-0.671640374217432	-0.201948946401313	0.0647146933414915
-0.17078502595243	0.295116234583717	-0.0214621697445607	-0.812489377657358	0.274646152890181	0.900523036937057	-0.0472471286607088	0.205609988631112	0.18296536885333	-0.549476519195393	0.33686613398948	-0.686896562601499	0.548502817024911	-0.573894582084491	-0.661752846151365	0.451505521909087
-0.104095692504707	-0.46229708749374	0.107630996898799	-0.642304798611895	0.719404508452893	-0.53604758345102	-0.663789463504717	-0.946554261736876	-0.355138243263195	0.110329104322879	0.649057249241407	0.608495081309186	-0.951183563662446	-0.256988921583138	-0.0162602508640679	-0.0678955167181554
-0.498289914197387	0.519349891330071	0.796619250365118	-0.553159025008352	0.346598265618109	0.637571616540916	0.897859609039315	0.748630654810932	-0.212527395018561	0.873924632349798	-0.126208562993883	-0.674954998263073	-0.380358261337126	0.362218844708259	0.868109968071394	0.894778463248086
0.18973040318931	0.0702414594250105	-0.332888551107895	0.709365150996026	-0.468711972690443	0.86788035873585	-0.220331750100316	0.366130817660857	-0.449980415149686	-0.944084536440416	0.881226306461305	0.0679406530307822	0.342346594833836	0.215069980131075	0.501746526536678	0.962644229059065
0.630888011616147	-0.352096511656153	-0.0766310070233365	0.347918435604933	0.190452946881914	-0.731225403450189	-0.961016414597099	-0.749783095671602	-0.553447933924512	-0.101725017501795	0.0690631075503976	0.980779967168509	0.434694372860696	0.960114960554516	-0.892524404355183	0.273748372384378
-0.440931200124439	0.19231835948006	0.656869174406016	0.564305075741905	0.114477459703346	-0.927447219483829	0.338743548462642	0.697976996795861	-0.869070856887379	-0.278468738895429	-0.483897502617431	-0.134806926317161	-0.387858184025896	0.933177193183024	-0.740134096771158	-0.565127684578324
0.977937663725976	-0.596705693402192	0.646676457629728	-0.278099461543961	-0.0774940370585799	-0.779909907195606	0.562523308468025	-0.0931128772524019	-0.405795098499995	-0.283199246954172	-0.0351279224850503	-0.137550366174766	0.397645104826228	0.350132976084605	-0.986258016387621	-0.842020553782269
0.0442003872119443	0.690720189620846	0.796053013418251	0.86245744843456	-0.0847207380025312	0.518323136602257	0.87759170428604	0.621401421997791	0.860783910975519	-0.106085401706025	0.667772131660755	0.975562248527224	-0.260721138308294	-0.658466030453391	0.646330821644829	0.174114544357544
0.551624910882242	0.197936592949399	0.114442046118309	-0.400584735860835	0.0953145088648468	0.983659658936206	-0.0331740590563807	0.369547392360955	-0.0399663376082648	0.493041549675618	-0.577155139483994	-0.503026547062972	-0.804321840854966	0.41734086902322	0.711491838557856	0.578068499846613
-0.715851923456625	0.186626767423004	0.452385598540209	-0.143239283732608	-0.578415888027735	-0.469231463191464	0.98636751042533	-0.0384872609865903	0.65550026372894	0.206476531645761	0.635683362136131	0.911094341071112	0.300756386781338	0.255294692541555	0.293126662608621	-0.875733742616561
-0.586923159183515	-0.680598531894694	0.143521134060578	0.185838383096602	0.397221499741376	-0.388373071837929	-0.212297317843329	-0.326228347829785	-0.742013917479129	-0.826127287785588	0.0978866976120794	-0.364533509718341	0.985495152111394	0.447130506882469	0.14420278021158	0.43445434326431
-0.511609756149227	-0.123609456892781	0.470187134291634	0.115978184476437	-0.123321220932887	0.207083527242873	-0.638002371243576	0.617572278193185	0.638116859637099	-0.0255285633767284	0.510100794653497	-0.191254934524585	0.451352608734912	-0.691982839804169	0.0181465580598392	0.336071187080373
0.0842234407487894	-0.0742214876304623	0.615949855844966	-0.278363516994922	0.94200595961919	0.111034648862096	0.539639405553374	0.36024203825769	-0.589600897959289	0.669245866153347	0.730934059458705	-0.916958434611471	0.228386050563589	-0.453439537508479	0.493413834246385	-0.0242561065076849
0.605857061637274	-0.297858002361466	0.698544900369112	0.983614432765261	-0.0313520910736205	-0.287270809284831	-0.891257829920199	0.828154120042818	0.40993748272823	-0.123832790297548	0.936218050593029	0.447641676312662	0.313606615361139	0.0295431778773829	0.754112514986693	-0.879651678611166
0.996545223015647	0.875795256876259	0.107912706704191	0.825394849001397	0.270979872453227	0.560191464712247	0.134436354479544	-0.616476666147884	0.812496663027831	0.0297128356304956	0.997952622068328	-0.245342669106185	-0.587776043765188	0.459893405449432	-0.373128653394132	-0.764838148704947
0.360950344845036	0.701299345625954	-0.925371063138157	0.361550392001075	0.142275202413555	0.380429550692021	0.791132886501054	-0.466275415144479	-0.862890783263581	-0.372797074789121	0.578359031641403	-0.00332035386659491	-0.125934518206927	-0.663188603143412	-0.470874646664409	0.367763166708786
-0.69305445967707	-0.577533993729005	0.400698082580779	0.912364372289776	0.270937329778007	0.782542322763991	-0.567429972603896	0.367087410930204	-0.369882761191468	-0.949226839462083	0.640498076109559	-0.134662601756625	-0.822586774830704	0.870167982906976	-0.21844636799599	0.175863292910099
-0.143498078390426	0.651851773816513	0.234372482730482	-0.612251195452537	0.616162894583698	0.971268388509878	-0.702795103137626	0.706061616082404	-0.522796099130717	-0.166118898452059	-0.355200195305881	-0.131922721481791	-0.345152576730619	-0.80206243472569	0.342348799663183	-0.901282608388121
-0.0312220551535347	-0.875063797846316	-0.643081604431455	-0.323473233876891	0.760964390112943	-0.914558904279464	-0.289185167164516	0.28147864943752	0.655767414952992	-0.910753970846264	0.581651268336926	-0.897698677820606	-0.407148304541014	-0.455715237541986	0.826907622945902	0.210934190741047
0.839892637948396	-0.987872310080733	0.129060756543199	-0.262615357433717	-0.257278485314545	-0.957611357474699	0.374501285396906	0.10912748769017	0.530871581475088	0.582677919142479	-0.506878278887621	-0.60038669774535	-0.266121883645633	0.439144049505841	-0.749270357732962	-0.140211528305486
-0.159711679120079	-0.508558820038395	-0.0397559799699081	0.337944846265598	0.704751574302254	0.890645239571236	-0.742535473311331	0.39329050626018	-0.839831709976514	-0.792874697678768	-0.737603272838457	0.0301107981730402	-0.0364378314516309	-0.108233194555029	0.596353808213879	0.0578764937508476
0.358315299236205	0.55411719657459	0.387335892783543	-0.602287060388782	-0.0952234669152003	0.577773497796628	-0.996150906736279	0.111155194443318	-0.133503413541771	-0.883168108237023	-0.116080301502603	0.679187357598454	0.236513352885998	0.483188113961343	0.871274803035592	-0.349379970788919
-0.837862884201928	-0.432085523962489	-0.853546391300589	0.459955103308644	-0.307249794136124	0.304410539766137	-0.0364850966422101	-0.234812723539562	-0.346228319586926	-0.79392016506707	-0.259175241386133	-0.245116920805058	-0.0364033584464158	0.591239125754786	0.38278739234163	0.699580197305548
-0.199637311972751	0.107868235937783	0.192518876501546	0.0125576422099771	0.174419254884441	-0.734356627673134	0.523195965565182	0.302286993803597	-0.297820263738549	-0.374807244314276	-0.451498948106546	-0.700938524701153	-0.331308646541884	0.666068101511561	-0.53284847793115	-0.861518073868927
0.430113850051655	-0.339295373446972	-0.270253481272765	0.184696224342642	0.810370936366639	-0.470942322329508	0.899651761853112	0.47745795866123	-0.99107770391567	0.701473519230846	0.391144375739073	0.124864244925762	-0.3245677732331	-0.334401304038279	-0.845354424676552	-0.083398137895272
0.710532140826419	0.178317206628388	0.0164823934261076	0.706861000336415	0.36759668412548	-0.787323487894155	0.00391365861408954	-0.96166666911944	-0.114781233625193	0.814350862109348	-0.910660752253462	0.890381608545443	-0.639239280618728	-0.260183707924487	-0.589521835294966	-0.808828310317064
0.00991037550387674	0.444220479561997	0.522201610117125	-0.462102240842697	-0.612756034685489	-0.87170242087105	-0.149251365246895	0.404293978136769	0.954641290296182	0.10316546400792	-0.912386446699028	0.164297541771354	-0.443248530162458	0.0843884980077658	-0.113358213248598	-0.765589139690573
0.633825641215243	-0.312986011642994	-0.00292760650941992	-0.763952034753623	0.151033346661277	0.0309284913576957	-0.289446639643867	0.726697862656686	-0.311970037765641	-0.0862372371590552	-0.523822176458376	0.542326160426092	-0.453190956237215	0.0500042259351108	0.0622269168178866	0.746768372983511
-0.735739058177508	0.521448337112664	0.234464936220904	-0.204705562670124	0.682543967976477	-0.923360585724454	-0.807588143919607	0.896204472490938	-0.207968770934245	0.0645241956087861	0.807284957665838	-0.319929517713339	0.327791289842533	0.454722130057033	-0.553972798890556	0.110908063721683
-0.40712210562221	0.598068061190575	-0.1165704815496	-0.0149588770907652	-0.940967655298927	0.145286770763882	0.144924332631925	0.483382737172765	-0.846788874098778	0.574332932091554	-0.613010010037898	0.0618554083803404	0.848259562768961	0.972112929843681	0.950586796044952	-0.390462289508299
0.332230707428754	0.946308789678268	-0.440699127007466	0.0627859300792069	0.861385315233953	-0.666675187481137	0.578499466471973	-0.794069304908462	0.76724539100158	0.0444752261333865	0.948252832686651	0.512208388955526	0.445140147092334	-0.994797623447963	-0.588772545314627	-0.479261622653362
-0.726739314342387	-0.834616908062792	0.477647373652638	-0.255864391182422	-0.238967399651649	-0.395652470315216	-0.410949186914369	-0.480372869009456	-0.073049969175492	0.975704548093941	-0.229848242465533	0.886468412817923	-0.665997603151004	0.850008118344319	0.508674735158638	0.713198873429432
0.403211479025088	-0.27729834082989	-0.997208570583909	-0.231383320292632	-0.3597141752135	-0.213309234815972	-0.637497553447433	-0.581246557899066	0.187449265921441	0.188932711354153	-0.655059437183111	0.866003133297172	-0.887566461532969	-0.596551716514248	0.0165041299530118	0.518429719173225
-0.655903776250096	-0.659803669341603	0.352685587626069	0.139188861813338	0.103341002374727	0.934881969121318	0.256843804126054	-0.350900564969521	0.0420313817351401	0.729873352175089	0.988216469573102	0.676976460281896	-0.305205704133903	0.498819759573982	0.878825665475727	0.336163677453807
0.0466106394825709	0.663260870287884	0.0782647056188415	-0.480336280658078	-0.291923147724695	-0.626523727853509	-0.298686531782804	-0.620562929732557	0.671381876446494	-0.231698088802835	-0.981000555237316	-0.3819506095561	0.673494468405617	-0.437326357674935	0.562686624199012	0.0630284984878822
-0.856506312984343	-0.00267824972960473	0.971995554663046	0.809801291526575	0.150415395025376	0.533034547936798	0.49353489694487	0.390662813948405	0.354634501282887	-0.435200344497036	0.163735960457998	0.237744581773942	0.628479833674341	-0.968025879120427	-0.571294792371407	0.975734717102893
-0.0818369569446749	-0.282868748581773	-0.331460897093838	-0.833609500224209	-0.219196263207091	-0.521312108110341	-0.0274560216071986	0.40018720920662	-0.725459336968966	0.652934677439067	0.860106439061312	0.65746101377579	-0.0300944745031104	0.319538527905727	-0.0871978361729842	-0.163075891630802
0.73993783637881	-0.385016762732761	-0.177527093258131	0.632680397082662	-0.263490505137566	-0.147569149255483	-0.817566379303587	0.334996362499621	0.462616322247133	-0.398363180546828	-0.324005581343238	0.468644719613533	0.970913240657232	0.397542027737714	-0.820136374600754	-0.0585249470382077
-0.418679929864932	-0.415726711072349	-0.406407445230099	-0.950315156668675	0.835683626418415	0.372060245168734	-0.531444289694293	-0.0052947197179567	0.581163101861894	-0.239534764148136	-0.562833174820201	0.445330554478385	0.545665114137895	0.386565310224138	0.239349589422278	0.524606081924532
-0.534327813671912	-0.507907935034566	-0.296131573454407	-0.181831818342377	-0.771513770444646	-0.185570457475547	0.351861416546286	0.0860478815002388	-0.285740768706763	0.323185461352464	0.357405580441726	-0.736879633687722	-0.120760776907055	0.874391151047828	0.140447721146955	0.15527858232366
0.849852420417865	-0.25878811073295	0.277575770673943	0.779358173146694	-0.034115332488263	0.259635736758182	-0.0699650120400066	-0.781654278994713	-0.773767244573252	-0.784215382971641	-0.108538083644911	0.877690073250015	0.267627956600909	0.85933869614869	-0.874247488213603	-0.386122176681112
-0.882748849783189	0.641989093871765	-0.640955529893246	-0.930137456464053	0.542653427723276	0.0810522386768917	-0.33692008827819	0.156433212424448	0.709014843636889	0.284750168163039	-0.159792935186156	0.0918257723913247	-0.635404543270246	-0.527451545738941	-0.589172666528028	-0.480627374822988
-0.479648691776004	0.0889307659795244	-0.83558321596115	0.196254626653092	-0.941627643201263	-0.0901822046241914	-0.33500263162278	0.887345663111679	-0.393796359980614	-0.143551327003749	0.322067519659509	-0.23782397592711	-0.72765877674837	-0.806746753913246	-0.389676716857037	0.647767299729406
-0.650442671437037	-0.262760998756598	0.0750844463823059	0.852814314197108	0.498241458898205	-0.704529026763288	-0.994224509808775	-0.74597221276465	0.833842704250235	0.344243414506599	-0.772420385097872	0.920454985634992	-0.761233758065111	-0.0151686090937109	-0.277373196095594	-0.0599990189040118
0.754116282119651	0.320478354954369	-0.444070323174999	0.314336432073428	0.290829900324384	0.794447489653116	0.764673123851324	-0.329655148526262	-0.14599614309849	0.607529977316571	0.846188409200433	0.733447680292033	-0.000699454920785936	0.168966089697408	0.849514002913114	-0.667766204795952
-0.000364243800830888	-0.385603836966616	-0.660472156116278	-0.90246921392405	-0.548365737997008	-0.266057830167445	0.135692769847418	0.139430813888876	0.557552955447105	0.180483098135525	-0.778673073010976	0.281355886828077	-0.855961347504572	-0.268308406425638	-0.425393870133633	0.482876201707561
-0.532882059194684	-0.383941146690763	-0.285398589928392	-0.566604135265983	0.354560008566091	0.472029427481662	-0.979962858983673	-0.288171371612455	-0.520090833996874	0.855217462726446	0.525973632447098	-0.241225794633207	0.371912551327647	0.397745346438751	0.180796470081632	0.924111070945825
-0.29613482605418	-0.586564693102428	-0.475690907407191	-0.802701394188559	-0.699873620959125	-0.357961311730195	0.188778910322904	-0.692523875369964	-0.874748801723373	-0.984435539885465	0.548520255890503	0.36409003829165	-0.758993690014512	0.438506798592701	-0.676291792501385	-0.759679700094068
-0.824712555409429	-0.0591485830367044	-0.414340779832958	-0.186298835948942	-0.139525504912995	0.742524280439912	0.414500274435457	-0.97140533745069	-0.950832583107402	-0.526011505659597	0.196530872537551	0.852396306581217	-0.331173022354245	-0.113934121674167	-0.801723886561023	0.430302410535741
-0.957073520381485	-0.413442430438992	-0.519154444971258	-0.594821982178828	-0.30355843881433	0.0742991933135293	-0.751371454755487	-0.614523380658799	-0.0227609210895319	-0.185979191794717	0.469837687487409	-0.400190162065631	0.614272282902154	0.827329034336703	0.530216082599447	-0.331576607746931
0.624544764356447	0.333658320079179	-0.236433832171977	0.437617928689793	-0.16274421139357	-0.888134581198149	0.169999321164174	-0.40234455360266	-0.180874842417781	0.172179412549748	-0.368756870043371	-0.705283104991185	0.98305855075564	-0.785013512365611	-0.331486331662682	-0.924082079471992
-0.231204376151404	-0.813420749153117	0.938505553419825	-0.619910085653631	-0.670759072132885	0.0140628860504799	0.016476546431744	-0.897043697489498	-0.265976598325873	0.169594473251911	0.989501183668318	-0.129736454283935	0.391995576966762	-0.967049008972059	-0.694919808993751	0.799077704556719
-0.596288619052684	-0.745864463252812	0.37533864265624	0.821478022350329	0.501880139736729	0.645817808672247	-0.549758295103908	-0.226507391101609	-0.162623095909475	0.871571324591263	-0.788890301485809	0.0625785442142537	0.242383314591311	-0.439316493450068	-0.604474730791404	-0.183226178505915
0.162459328873173	-0.858792145496294	-0.251507377079282	-0.932820755360631	-0.18771382066303	0.31591622453888	0.150481089649966	0.95191247622739	-0.11672132366231	0.555673947118049	0.138916851718434	-0.957800430242284	0.0245471051908313	-0.184895709523895	-0.560325852607086	-0.539078663904925
4.69973802195308e-08	-7.63472271039677e-10	-2.08543809561192e-08	-1.93026235622431e-08	-7.63472271039677e-10	1.1579774510956	0.44719823718257	-0.829116930906306	-2.08543809561192e-08	0.44719823718257	1.45617880841806	-0.177272651579077	-1.93026235622431e-08	-0.829116930906306	-0.177272651579077	1.3381935090756
0.962376141394524	-0.0374102556943364	-0.550673595905846	0.121645950560795	-0.0374102556943364	1.00909298460806	0.314670850114778	0.796757955921828	-0.550673595905846	0.314670850114778	0.647357881472929	-0.0497583085789121	0.121645950560795	0.796757955921828	-0.0497583085789121	1.47565740809419
0.820504138487797	-0.347571853716338	-0.119390850501023	-0.0125215203929721	-0.347571853716338	1.80660343645728	-0.561488258290395	-0.308956687143515	-0.119390850501023	-0.561488258290395	0.36643594824297	0.252462388433742	-0.0125215203929721	-0.308956687143515	0.252462388433742	0.293175965352006
0.921616039507569	0.133070184306382	0.133401929125906	-0.590062163720472	0.133070184306382	2.82537038763534	-2.20544977650063	0.0930472211378239	0.133401929125906	-2.20544977650063	2.4529613180264	-0.101502376560139	-0.590062163720472	0.0930472211378239	-0.101502376560139	0.688525104399081
0.587040075679959	-0.204423621946228	-0.132239816015825	-0.202042356883307	-0.204423621946228	0.505548623550312	0.17420925534947	-0.17950313612814	-0.132239816015825	0.17420925534947	2.07576014821128	-0.286920465997947	-0.202042356883307	-0.17950313612814	-0.286920465997947	0.995240509521972
1.40156458035418	0.26526931937399	-0.367114704107824	0.019393063487967	0.26526931937399	0.853681441073619	-0.56629818762185	0.510388689671367	-0.367114704107824	-0.56629818762185	0.678106549798782	-0.118312726773531	0.0193930634879669	0.510388689671367	-0.118312726773531	0.465549810514857
0.939482959362835	0.549691569942172	-0.175988126422588	0.343062215210499	0.549691569942172	0.365357952747607	-0.22995689301513	0.294347760585831	-0.175988126422588	-0.22995689301513	0.401690620498721	-0.336109646891421	0.343062215210499	0.294347760585831	-0.336109646891421	0.563503140994825
1.39547009391575	-0.378851952996536	-0.162296769790816	-0.696492391552342	-0.378851952996536	0.32647810896783	0.328229891039294	-0.192025609619878	-0.162296769790816	0.328229891039294	0.503086579810393	-0.276151196030133	-0.696492391552342	-0.192025609619878	-0.276151196030133	1.29140890755223
1.08117057244057	-0.473864663366392	-0.550058746899681	0.385015455982716	-0.473864663366392	0.808169270773605	0.242614647376308	-0.223403760080465	-0.550058746899681	0.242614647376308	1.23821769746027	-0.442873807282073	0.385015455982716	-0.223403760080465	-0.442873807282073	0.30497986251046
0.608575911909262	-0.636420511255858	0.0354065437162213	0.086844697175009	-0.636420511255858	1.13726720405471	0.242483396760859	0.0161767329987035	0.0354065437162213	0.242483396760859	0.63405900768467	0.432709796113133	0.086844697175009	0.0161767329987035	0.432709796113133	1.65534977529706
1.82455802892863	0.275768332444257	0.256054196939841	-0.0815010507108192	0.275768332444257	0.988363682785963	0.891471705894494	-0.404808854697459	0.256054196939841	0.891471705894494	0.810766738839759	-0.336391930796309	-0.0815010507108192	-0.404808854697459	-0.336391930796309	0.289230270774281
0.777047212803559	-0.117704297039314	-8.8327686189866e-09	0.260831577697113	-0.117704297039314	0.829067640849856	2.83560135961495e-08	-1.04137738436435	-8.8327686189866e-09	2.83560135961495e-08	4.24369342611272e-08	-4.05593994681486e-08	0.260831577697112	-1.04137738436435	-4.05593994681486e-08	1.34328158914342
0.739616817083889	-0.357242729369236	0.647346332832781	-0.620275443505925	-0.357242729369236	1.07772946536575	-0.226321954673573	0.296760158124101	0.647346332832781	-0.226321954673573	0.846208313713554	-0.689524432661749	-0.620275443505925	0.296760158124101	-0.689524432661749	1.85058547558207
0.908828747934953	0.622484710425355	0.265313946481856	-0.490812217203728	0.622484710425355	0.860396257524814	0.674355109037791	-0.201406614200553	0.265313946481856	0.674355109037791	1.10419621670305	-0.256279001487602	-0.490812217203728	-0.201406614200553	-0.256279001487602	0.459059997792307
1.71544104913679	-0.689769027279302	-0.194656731297374	0.520551561293476	-0.689769027279302	0.293955146652291	0.151203171499095	-0.248311550365515	-0.194656731297374	0.151203171499095	0.34246529923935	-0.230390004380582	0.520551561293476	-0.248311550365515	-0.230390004380582	2.17936792828828
0.588259397491437	-0.750008707105484	0.361488411538017	-0.42120279812034	-0.750008707105484	1.99795984061828	-0.54761464512944	0.0350388710468003	0.361488411538017	-0.54761464512944	0.439468453261714	-0.655612309665564	-0.42120279812034	0.0350388710468002	-0.655612309665564	2.20577375532091
3.98287288051097e-08	-8.13139836465524e-09	-3.96184544357936e-09	-1.34358941393009e-08	-8.13139836465524e-09	0.604513251194204	-0.364628383929593	0.259640249681166	-3.96184544357936e-09	-0.364628383929593	0.919383712976236	0.592801535582436	-1.34358941393009e-08	0.259640249681166	0.592801535582436	0.914458101607279
0.664744637906813	-0.353005055481073	-0.666207858009441	0.115527238969688	-0.353005055481073	1.8674674691677	-0.00586919746651751	-1.15661665539414	-0.666207858009441	-0.00586919746651751	1.2270292904591	0.000906812045521177	0.115527238969688	-1.15661665539414	0.000906812045521177	0.81350247260036
0.656184317222469	-0.350688893528398	-0.352207299165978	0.36864718387639	-0.350688893528398	0.259869633970245	0.146299631654129	-0.344310865760258	-0.352207299165978	0.146299631654129	0.521429275074022	0.227084080733311	0.36864718387639	-0.344310865760258	0.227084080733311	1.30473896244737
0.577703300036366	0.0595140421676918	0.34744759319143	0.252360383287176	0.0595140421676918	0.826854754163813	0.0981986370163119	-0.16690039425316	0.34744759319143	0.0981986370163119	0.482771791289988	-0.240417016212694	0.252360383287176	-0.16690039425316	-0.240417016212694	1.3569745808016
6.28218450105809	-0.046386025427291	-0.192109608863228	-4.25438277290192	-0.046386025427291	0.946255845197598	0.61133181721078	-0.516626194926967	-0.192109608863228	0.61133181721078	0.824232748969326	-0.241170962135318	-4.25438277290192	-0.516626194926967	-0.241170962135318	3.31722060693223
0.466008483132915	-0.50759139359139	-0.336402286543656	0.141728415024702	-0.50759139359139	0.99536313649898	0.349427935757331	-0.306790211490043	-0.336402286543656	0.349427935757331	0.937665175772789	-0.654788202482124	0.141728415024702	-0.306790211490043	-0.654788202482124	0.635228943939307
0.345711586013928	0.471503560070278	-0.00581311014569416	0.339587567288265	0.471503560070278	1.21969153621635	0.265531867715433	0.470773308805398	-0.00581311014569416	0.265531867715433	0.807911304763582	0.0243778326428694	0.339587567288265	0.470773308805398	0.0243778326428694	0.546594587066859
1.41797961456767	-1.45161095063014	-0.0333737138334296	0.00870367947532683	-1.45161095063014	1.64113356285059	-0.156947811590791	-0.264486288114351	-0.0333737138334296	-0.156947811590791	0.749474312057244	0.520118056505586	0.00870367947532683	-0.264486288114351	0.520118056505586	0.626804605729271
0.69614296781527	-0.50855512771864	0.239045248210149	0.513028366563789	-0.50855512771864	1.72718903309125	0.140986388265921	-0.258933467151039	0.239045248210149	0.140986388265921	0.856389529602607	0.223604351134223	0.513028366563789	-0.258933467151039	0.223604351134223	0.483148259472337
0.972345206732306	-0.66865295974358	0.635807937707341	0.651721674030471	-0.66865295974358	0.630356318529276	-0.400250492379301	-0.482216582798206	0.635807937707341	-0.400250492379301	0.632066693347882	0.226972516098545	0.651721674030471	-0.482216582798206	0.226972516098545	0.620226280659895
4.69066574788134e-08	2.90861792403191e-08	-3.47607347032496e-08	4.19326208265826e-08	2.90861792403191e-08	1.42816228985692	-0.317523873170882	0.847057407971576	-3.47607347032496e-08	-0.317523873170882	2.20830509912449	-0.532153776281145	4.19326208265826e-08	0.847057407971576	-0.532153776281145	0.652188232990625
0.473585657935698	-0.118473592129008	-0.443256721796777	0.382394283926713	-0.118473592129008	1.94155657810033	-0.0842711898854633	-0.257171958341363	-0.443256721796777	-0.0842711898854633	0.611363026611919	-0.557480670283701	0.382394283926713	-0.257171958341363	-0.557480670283701	0.595889348634237
0.839882024347974	0.871990443068065	-0.0227409329207111	0.395255676553768	0.871990443068065	0.984675582922059	-0.287569906435445	0.507014884696091	-0.0227409329207111	-0.287569906435445	0.878692727595173	-0.332209545566039	0.395255676553768	0.507014884696091	-0.332209545566039	2.23362146245129
0.844622777522149	-0.538778717948389	-0.121366658763995	0.519886225668009	-0.538778717948389	1.03207249026685	-0.670537994219024	-0.806395238078433	-0.121366658763995	-0.670537994219024	1.02630177031995	0.589426813771858	0.519886225668009	-0.806395238078433	0.589426813771858	0.772741170793794
1.30101076631498	1.08233069616444	0.130185209197758	0.132148114192377	1.08233069616444	1.48153167774823	-0.234817885242693	-0.370866280282194	0.130185209197758	-0.234817885242693	1.13156966349611	0.67084838147942	0.132148114192377	-0.370866280282194	0.67084838147942	0.565475258325281
0.680171715101725	-0.413981068889092	0.476900729198389	-0.211305825768368	-0.413981068889092	0.521221858624599	-0.27029099894463	-0.0387766085579749	0.476900729198389	-0.27029099894463	0.500768772038952	0.070339446454476	-0.211305825768368	-0.0387766085579749	0.070339446454476	0.508969166762372
0.940732457339193	-0.525803290241967	0.0662181814978824	0.336435751319262	-0.525803290241967	0.516954187174458	0.45337031442277	0.093888730829518	0.0662181814978824	0.45337031442277	1.08269631510039	0.643471050998794	0.336435751319262	0.093888730829518	0.643471050998793	0.554691394379642
0.985191721334756	-0.201542348119643	-0.876176566486687	-0.414077488054361	-0.201542348119643	1.1368400581772	0.252037392177972	0.324493529046838	-0.876176566486687	0.252037392177972	1.15387116236602	-0.223129995197018	-0.414077488054361	0.324493529046838	-0.223129995197018	1.33546241585299
0.752350934535111	-0.680795855991441	0.265815541324213	0.33775390591015	-0.680795855991441	0.849906381003997	-0.403639793275469	-0.0151823995961129	0.265815541324213	-0.403639793275469	0.207674126092747	-0.0832399882435605	0.33775390591015	-0.0151823995961129	-0.0832399882435605	0.989100183973835
0.26523734190714	0.275697791836701	-0.223031501926822	0.0409606450467323	0.275697791836701	0.797594402872669	-0.850263387258731	0.293513647824434	-0.223031501926822	-0.850263387258731	1.08087814397004	-0.120788292060323	0.0409606450467323	0.293513647824434	-0.120788292060323	0.469029613706437
0.277112363001149	-0.380443393106458	0.00448983259649875	-0.254014617648786	-0.380443393106458	1.07610141148646	-0.288139673536679	0.667858926267294	0.00448983259649875	-0.288139673536679	1.04541191579707	0.198653278420239	-0.254014617648786	0.667858926267294	0.198653278420239	0.744133491105679
4.17891676618969e-08	7.50587602713766e-09	3.68856524045817e-09	-3.34610479723461e-09	7.50587602713766e-09	1.13111126036263	-0.523683320807427	-0.872238114149218	3.68856524045817e-09	-0.523683320807427	1.74220571767813	0.952097651264956	-3.34610479723461e-09	-0.872238114149218	0.952097651264956	1.28671026006104
0.804685543541074	-0.38540702724413	-0.406152913047741	-0.0275535923765353	-0.38540702724413	0.473379938027662	0.279889241227765	-0.518241114914498	-0.406152913047741	0.279889241227765	0.48955988768757	-0.517137278561299	-0.0275535923765353	-0.518241114914498	-0.517137278561299	1.80219357125349
1.44545318439682	-2.09894719866055	0.0495104883841118	-0.140107393262014	-2.09894719866055	3.68805666816682	0.0966050758176331	0.355377813210559	0.0495104883841118	0.0966050758176331	0.851550516651674	0.703172887711854	-0.140107393262014	0.355377813210559	0.703172887711854	1.01475212928138
0.234981114500188	0.255299918122285	-0.194347581951819	0.176428103349919	0.255299918122285	1.71211951059807	-0.115920537356809	-0.679939566968263	-0.194347581951819	-0.115920537356809	0.464307040511805	-0.432035989698645	0.176428103349919	-0.679939566968263	-0.432035989698645	1.87749818238373
0.823858709846017	-0.297339396555696	-0.255275126062472	-0.795529076076262	-0.297339396555696	1.17950660266257	0.936830322667512	0.707828785687706	-0.255275126062472	0.936830322667512	0.744570993379203	0.577945149756119	-0.795529076076262	0.707828785687706	0.577945149756119	1.96461689254422
0.639046668967444	-0.567190973063806	-0.406322438359116	0.716463516955856	-0.567190973063806	1.50892401179093	0.785997921235662	-0.770290322640758	-0.406322438359116	0.785997921235662	0.931537078190121	-0.331555206821113	0.716463516955856	-0.770290322640758	-0.331555206821113	1.23056211534478
4.67147847420778e-08	-3.43333021567041e-08	-1.95262710533547e-08	-9.93479265238898e-09	-3.43333021567041e-08	0.901173212621616	-0.0773955403727581	-0.250273634761551	-1.95262710533547e-08	-0.0773955403727581	1.86330994715367	0.38062381581381	-9.93479265238898e-09	-0.250273634761551	0.38062381581381	0.79263377316968
1.13490961387329	0.155993019840592	0.455207315958215	0.187591181372841	0.155993019840592	2.57262331865123	-0.255434254578254	-0.596302197210261	0.455207315958215	-0.255434254578254	0.573724953726722	0.0820800218695266	0.187591181372841	-0.596302197210261	0.0820800218695266	2.2637805722146
0.723547766168341	-0.121723241351481	0.127086036545157	0.647745221998577	-0.121723241351481	0.529399580011755	0.215186891614022	-0.0164849643561835	0.127086036545157	0.215186891614022	0.29334729517778	0.126864795937484	0.647745221998577	-0.0164849643561835	0.126864795937484	0.88065019254612
0.73818236934031	-0.18100952067556	-0.469401359827179	0.352905667760981	-0.18100952067556	0.340365800736049	0.112475298189233	-0.170490804486821	-0.469401359827179	0.112475298189233	0.62149662762266	-0.0170281796046781	0.352905667760981	-0.170490804486821	-0.0170281796046781	0.405476991046739
0.457426484341563	0.954165495833385	-0.0233047696333786	0.281643601093515	0.954165495833385	2.01265261910695	0.0688623335233907	0.655786871970703	-0.0233047696333786	0.0688623335233907	2.07381195289228	0.345133598820783	0.281643601093515	0.655786871970703	0.345133598820783	0.382398338229635
1.29045841546498	0.418978173296783	0.133747930200594	-0.294493602904057	0.418978173296783	0.336365826542543	-0.29927452159793	-0.0157968034181107	0.133747930200594	-0.29927452159793	0.993640387439148	-0.238369266699452	-0.294493602904057	-0.0157968034181107	-0.238369266699452	1.1178151044854
0.724916329512749	-0.234827626398713	0.0768634890646901	0.647546682238828	-0.234827626398713	1.17521757783703	-0.139239327074377	-0.457192692327872	0.0768634890646901	-0.139239327074377	2.62946228523434	0.0480873482382239	0.647546682238828	-0.457192692327872	0.0480873482382239	1.0924028070623
3.97963769256877e-08	4.05330923922991e-08	-7.37691710268871e-09	-2.34016707341622e-08	4.05330923922991e-08	0.999571951229036	-0.00298916705855638	-0.265405568507626	-7.37691710268871e-09	-0.00298916705855638	0.207741676593686	0.564129627840373	-2.34016707341622e-08	-0.265405568507626	0.564129627840373	2.39964628332888
1.2961601615668	0.623338070974715	0.475349357740336	-2.42193966442782e-08	0.623338070974715	1.87384702286883	-0.27019857827628	3.35589840086233e-08	0.475349357740336	-0.27019857827628	0.658604033299761	-1.57505025841789e-08	-2.42193966442782e-08	3.35589840086233e-08	-1.57505025841789e-08	4.07039706830253e-08
0.867644948953548	0.221781509589184	0.503547080950218	-0.0300119721997373	0.221781509589184	6.48643236106739	0.358907294778389	2.04846712002311	0.503547080950218	0.358907294778389	0.704727520386692	-0.0400255164015235	-0.0300119721997373	2.04846712002311	-0.0400255164015235	1.68853264841578
0.182088229658119	-0.327478654307233	4.81135211427252e-09	-0.197314957319456	-0.327478654307233	0.781103439762684	1.69013894425107e-08	0.233727730841744	4.81135211427252e-09	1.69013894425107e-08	3.7324552013858e-08	-1.26069191702587e-09	-0.197314957319456	0.233727730841744	-1.26069191702587e-09	0.290183436776361
0.928054853227295	-0.117414503882258	-0.648412553003032	0.348334685452784	-0.117414503882258	1.36266342276918	-0.120262707045971	-0.108721812451662	-0.648412553003032	-0.120262707045971	0.861046595523538	-0.453571370485508	0.348334685452784	-0.108721812451662	-0.453571370485508	0.432257784988504
0.0501566824118844	0.0911384360062805	-0.116018755243396	0.0202347110745028	0.0911384360062805	0.472627993605096	0.157972923967433	-0.544927790298306	-0.116018755243396	0.157972923967433	0.711345397718827	-0.745524415743174	0.0202347110745028	-0.544927790298306	-0.745524415743174	1.11026537345214
0.25221432737759	0.182278645086026	0.449931427594884	-0.171716239157279	0.182278645086026	0.969905248934722	0.233867394556474	-0.480349548710574	0.449931427594884	0.233867394556474	0.922137220532804	-0.239884780561845	-0.171716239157279	-0.480349548710574	-0.239884780561845	0.705344724205922
4.6893354222956e-08	-4.14941266568747e-09	1.52867772749122e-08	-3.57317941693141e-08	-4.14941266568747e-09	0.992714808752657	0.62227588553134	-1.02886505682668	1.52867772749122e-08	0.62227588553134	2.31127001453315	-0.642571650741171	-3.57317941693141e-08	-1.02886505682668	-0.64257165074117	1.1127582017463
0.664497077756198	-0.194215844323997	0.352585404015384	0.572577372656159	-0.194215844323997	0.356545091297124	-0.199948880988215	-0.298754524086824	0.352585404015384	-0.199948880988215	0.792905654169059	0.311626883536755	0.572577372656159	-0.298754524086824	0.311626883536755	0.737348189540307
0.754211997405869	0.194982399837341	-0.634659142732123	0.128592813162607	0.194982399837341	0.750105737131141	-0.812090354802276	0.0301219078252323	-0.634659142732123	-0.812090354802276	1.13420730481561	-0.105317380709877	0.128592813162607	0.0301219078252323	-0.105317380709877	3.85344262179294
0.595188810320864	-0.407702931138953	-0.224360128240829	-0.267054086089729	-0.407702931138953	0.31972225497638	0.203956081639778	0.29045246862204	-0.224360128240829	0.203956081639778	0.917617187981568	-0.306295283529548	-0.267054086089729	0.29045246862204	-0.306295283529548	0.954286339010048
0.678734154976069	-0.425180110900274	0.626541729396419	-0.495826230905105	-0.425180110900274	0.895805961703572	-0.163612766569816	0.506694280553073	0.626541729396419	-0.163612766569816	0.661581086353076	-0.386399052811064	-0.495826230905105	0.506694280553073	-0.386399052811064	0.423297340086783
1.3648555362958	0.470595665758768	-0.837512239994696	-0.47326758146244	0.470595665758768	0.433749885729129	0.179888950464819	-0.451722802198731	-0.837512239994696	0.179888950464819	1.40659833697434	-0.216809365306553	-0.47326758146244	-0.451722802198731	-0.216809365306553	0.563252181362737
0.595913118740826	-0.108583473950634	0.469463365657515	-0.0514992673094636	-0.108583473950634	1.55864295565135	-0.119841232207644	1.26518167040512	0.469463365657515	-0.119841232207644	1.21667741485357	-0.733482096106529	-0.0514992673094636	1.26518167040513	-0.733482096106529	1.75645552393884
0.677501984704737	0.199556957106509	-0.23820564888942	0.279798791575097	0.199556957106509	1.52658313362638	-0.174515458451312	-0.482767373691784	-0.23820564888942	-0.174515458451312	0.38805435082488	-0.192628326666161	0.279798791575097	-0.482767373691784	-0.192628326666161	1.32668276926469
0.547929608361322	-0.101867636139064	0.306828349349654	-0.448553617952351	-0.101867636139064	1.53969238460873	0.177776671105234	-0.163937690903875	0.306828349349654	0.177776671105234	0.736299903781752	-0.638990703386138	-0.448553617952351	-0.163937690903875	-0.638990703386138	0.726066084117434
0.305875188352317	-0.216867532574457	0.20108826803068	-0.450227831951179	-0.216867532574457	1.82794106301865	0.0381628999847461	0.974438457870111	0.20108826803068	0.0381628999847461	0.219363595398817	0.0200090210376805	-0.450227831951179	0.974438457870111	0.0200090210376805	1.80829524754624
1.11919907838899	-0.12439884379526	0.570899469283596	-0.407933468305722	-0.12439884379526	0.347978152077888	-0.308795597745624	-0.228525452415275	0.570899469283596	-0.308795597745624	0.750333504342949	0.555999591100986	-0.407933468305722	-0.228525452415275	0.555999591100986	1.55401411370692
0.31639788826938	-0.0177197947698589	-0.270446991280378	-0.157632461506658	-0.0177197947698589	1.25349906738134	0.463494912832724	-0.220495623136206	-0.270446991280378	0.463494912832724	0.770204124030229	-0.163206783036934	-0.157632461506658	-0.220495623136206	-0.163206783036934	1.40816839798537
0.545748074924639	-0.0306194058501665	-0.15798744947286	-0.40518561808769	-0.0306194058501665	3.04388653015349	-1.90518748876893	0.203047163564251	-0.15798744947286	-1.90518748876893	2.05640153641555	-0.369361227286381	-0.40518561808769	0.203047163564251	-0.369361227286381	1.08936649274994
0.347460523640508	-0.51233659435118	-0.199174218823372	0.0970177760160126	-0.51233659435118	1.23974673653633	0.48277555094259	-0.200871082014808	-0.199174218823372	0.48277555094259	0.324819209412018	-0.514798995800447	0.0970177760160126	-0.200871082014808	-0.514798995800447	1.45058597333583
3.79591421231369e-08	-1.39076764132332e-08	8.65435192853565e-09	-2.03285391469521e-08	-1.39076764132332e-08	0.987746078832006	-0.487054245740897	-0.43965795294422	8.65435192853565e-09	-0.487054245740897	0.851316257615591	0.583879288342488	-2.03285391469521e-08	-0.43965795294422	0.583879288342488	1.00251442302276
0.305336201716036	-0.248804242858561	0.21545683664563	0.267686522088241	-0.248804242858561	0.445160042369811	0.215416166497276	-0.337115421371812	0.21545683664563	0.215416166497275	0.980920126467529	0.30293677252327	0.267686522088241	-0.337115421371812	0.30293677252327	1.04161208891029
0.359004727936392	0.306062482012323	0.322265450176769	0.322260864089987	0.306062482012323	0.37823523749066	0.205795980393392	0.366768756862727	0.322265450176769	0.205795980393392	0.981601788357029	-0.0946081722736636	0.322260864089987	0.366768756862727	-0.0946081722736636	0.578516221923404
0.979419449736011	-0.206807471424359	-0.276319793632282	-0.718591239090079	-0.206807471424359	1.29137310581719	0.508330547542915	0.448363116052195	-0.276319793632282	0.508330547542915	0.34276877578841	0.377297407698547	-0.718591239090079	0.448363116052196	0.377297407698547	0.64229679159889
0.8237491958	0.8499718208	-1.51e-08	0.7988243284	0.8499718208	1.4282745098	-4.52e-08	0.8471247581	-1.51e-08	-4.52e-08	4.6e-08	-6.7e-09	0.7988243284	0.8471247581	-6.7e-09	1.6685539589
0.3339093002	-0.6094020773	-0.4663137046	0.3859082414	-0.6094020773	2.0314111319	0.164066199	-1.0896951929	-0.4663137046	0.164066199	1.6585058307	-0.6800352805	0.3859082414	-1.0896951929	-0.6800352805	1.1350194942
0.789312079	0.0652663201	-0.1806337095	-0.4078202836	0.0652663201	0.976781803	-0.3028953611	-0.3407128948	-0.1806337095	-0.3028953611	0.6335259284	-0.3470759388	-0.4078202836	-0.3407128948	-0.3470759388	0.9915549511
0.5004954237	-0.7956919937	0.0307630949	0.3776630656	-0.7956919937	1.4500695081	-0.4067947872	-0.8004527559	0.0307630949	-0.4067947872	2.0639531075	-0.0908073229	0.3776630656	-0.8004527559	-0.0908073229	0.7915826039
2.0878373442	-0.6340904192	-0.2115642822	-0.5671352186	-0.6340904192	0.334433456	0.3419020272	0.1679736146	-0.2115642822	0.3419020272	1.488454479	0.2379769519	-0.5671352186	0.1679736146	0.2379769519	0.2090744539
0.9697883951	0.4265958373	0.0086623689	-0.12628922	0.4265958373	3.2979417207	-0.5489936026	0.31410367	0.0086623689	-0.5489936026	0.1141453305	-0.099962406	-0.12628922	0.31410367	-0.099962406	0.1297940222
0.8511356889	0.644072445	0.373155915	-0.0616784032	0.644072445	1.5535851999	-0.3292619597	0.5726020618	0.373155915	-0.3292619597	0.9436030827	0.1862672606	-0.0616784032	0.5726020618	0.1862672606	1.119966806
0.1174134595	0.5593444733	-0.0654156005	0.3615670013	0.5593444733	2.980151187	-0.1562329013	1.1951135166	-0.0654156005	-0.1562329013	0.1129887825	-0.4611933913	0.3615670013	1.1951135166	-0.4611933913	3.4118860617
0.5804378381	-0.0820839124	-0.0922247526	0.2546230775	-0.0820839124	1.5245765126	0.4497106011	0.2233398664	-0.0922247526	0.4497106011	1.1550101916	0.6368287339	0.2546230775	0.2233398664	0.6368287339	0.5139527323
0.3690721292	0.2462993506	0.4945703782	0.0511947561	0.2462993506	0.26272891	0.2974238205	0.2902888261	0.4945703782	0.2974238205	1.6338219754	-0.2591382463	0.0511947561	0.2902888261	-0.2591382463	1.6097332389
1.4315430631	0.1273422138	-0.6150430978	-0.2251166693	0.1273422138	0.8506040431	-0.4138600733	-0.2239822067	-0.6150430978	-0.4138600733	0.7807953681	0.7373411897	-0.2251166693	-0.2239822067	0.7373411897	0.9463567805
0.2326282673	-0.6083854401	-0.5232635033	0.2926412695	-0.6083854401	2.1165690258	0.9587944015	-1.0370419933	-0.5232635033	0.9587944015	1.6675005756	-0.4530728598	0.2926412695	-1.0370419933	-0.4530728598	0.6715192607
0.7518785321	0.0537458945	0.2508000224	-0.443244168	0.0537458945	0.2254660459	0.0372007638	0.3970394912	0.2508000224	0.0372007638	0.0853340948	-0.1105676224	-0.443244168	0.3970394912	-0.1105676224	1.0906489375
3.77e-08	3.61e-08	1.65e-08	1.13e-08	3.61e-08	0.9990710061	1.0901884655	-0.0596522868	1.65e-08	1.0901884655	1.6079152611	-0.1969449519	1.13e-08	-0.0596522868	-0.1969449519	1.2794469315
1.5157449657	0.2378372807	0.6787178012	0.2385148481	0.2378372807	0.5212869317	0.5350553442	0.1233560321	0.6787178012	0.5350553442	1.3906982622	0.0719691411	0.2385148481	0.1233560321	0.0719691411	0.3074373179
0.6095261586	0.0333546486	0.3083147016	-0.5001491838	0.0333546486	1.4324655455	-0.0431386718	-0.3959252229	0.3083147016	-0.0431386718	1.5925896835	0.2065321117	-0.5001491838	-0.3959252229	0.2065321117	0.8147781394
2.4927984482	-0.1463266132	0.3323149384	-0.5865619813	-0.1463266132	0.1939536785	0.1232980877	0.9403134824	0.3323149384	0.1232980877	0.1543180184	0.6196984139	-0.5865619813	0.9403134824	0.6196984139	4.5651014707
1.0547234662	-0.0222099638	-0.0131775538	-0.1222718927	-0.0222099638	0.2139225591	0.1736241552	0.492313636	-0.0131775538	0.1736241552	0.1580426683	0.6303800761	-0.1222718927	0.492313636	0.6303800761	4.2680142776
5.15e-08	-3.11e-08	-5.26e-08	-2.08e-08	-3.11e-08	1.4871566826	0.3072197647	1.1146179211	-5.26e-08	0.3072197647	0.9250482262	-0.0499203157	-2.08e-08	1.1146179211	-0.0499203157	1.2346623598
0.9075049774	0.5665009766	0.7620430438	0.2858681124	0.5665009766	0.8790628835	0.9383086994	0.5548734192	0.7620430438	0.9383086994	1.0471989915	0.5714656632	0.2858681124	0.5548734192	0.5714656632	3.7904952904
1.1436585465	-0.2249100474	0.5213343632	-0.4238814576	-0.2249100474	0.6575437259	-0.1015871892	0.2518072132	0.5213343632	-0.1015871892	0.4814645457	-0.3276762576	-0.4238814576	0.2518072132	-0.3276762576	0.3190535501
0.9459751144	0.4271524099	0.7326601066	-0.170776257	0.4271524099	1.025916497	0.2217587754	0.2916274554	0.7326601066	0.2217587754	0.8560088946	-0.5658975639	-0.170776257	0.2916274554	-0.5658975639	0.8808806417
0.7129529101	-0.7504334969	0.4342458187	0.6705989943	-0.7504334969	1.5604973098	-0.6698193429	-0.390270802	0.4342458187	-0.6698193429	0.4732894823	0.3203892837	0.6705989943	-0.390270802	0.3203892837	1.0238381869
0.5849319279	-0.0937662246	0.0573787027	-0.623262729	-0.0937662246	0.3712795454	0.2716429935	0.4325193766	0.0573787027	0.2716429935	0.389753499	0.3937921924	-0.623262729	0.4325193766	0.3937921924	1.2028941399
0.9230114673	0.5312831423	-5.2e-09	0.1486891783	0.5312831423	1.5199744045	-3.43e-08	1.6039332841	-5.2e-09	-3.43e-08	4.3e-08	-4.37e-08	0.1486891783	1.6039332841	-4.37e-08	2.2502419984
1.8204165304	0.0782758817	0.4231004449	-0.4232013324	0.0782758817	0.2886983992	0.1606730944	0.182881579	0.4231004449	0.1606730944	0.1694840949	0.002048037	-0.4232013324	0.182881579	0.002048037	0.2400874519
0.2122825163	-0.3528681242	0.0680718912	-0.1007469283	-0.3528681242	1.544662162	0.1081687347	-0.2816207439	0.0680718912	0.1081687347	0.8756478753	0.0785499495	-0.1007469283	-0.2816207439	0.0785499495	0.342839047
0.7823091996	0.1269916158	-0.676696035	0.5628790266	0.1269916158	2.2923309346	0.1342709391	0.985165204	-0.676696035	0.1342709391	0.975978801	-0.7407118306	0.5628790266	0.985165204	-0.7407118306	2.2582857771
1.8437241161	-0.2101943655	0.3923792002	0.0404512954	-0.2101943655	0.944049046	0.3524895375	0.4809549101	0.3923792002	0.3524895375	0.3177598587	-0.0487909561	0.0404512954	0.4809549101	-0.0487909561	1.7404258034
0.7957222763	0.3023361772	-0.5078937546	-0.5319509122	0.3023361772	0.49161292	0.1917810689	-0.2425752529	-0.5078937546	0.1917810689	1.1764399051	0.1145149609	-0.5319509122	-0.2425752529	0.1145149609	0.4337160447
1.8535846135	0.3932289218	-0.160282743	0.1132061318	0.3932289218	0.3350365715	-0.2260969566	0.1502356824	-0.160282743	-0.2260969566	0.4732845977	-0.2940310063	0.1132061318	0.1502356824	-0.2940310063	0.1830892344
0.4172255984	0.2213904356	-0.1955769733	0.3695773988	0.2213904356	1.0616058246	-0.0169742862	0.6810387354	-0.1955769733	-0.0169742862	0.2728379149	-0.4291622276	0.3695773988	0.6810387354	-0.4291622276	1.244072038
0.3803961859	0.3324508069	-0.0326780973	-0.3112172686	0.3324508069	0.589601588	-0.1364543742	0.3948797552	-0.0326780973	-0.1364543742	1.0573684633	0.1621405635	-0.3112172686	0.3948797552	0.1621405635	2.3763175805
1.0426780351	0.3657420324	-0.3998436639	-0.4326942174	0.3657420324	0.9563620576	-0.2575474134	-0.2670733375	-0.3998436639	-0.2575474134	0.4351883331	0.1462048874	-0.4326942174	-0.2670733375	0.1462048874	0.2522269945
0.447432762	0.3253106387	0.4017611853	0.3777215545	0.3253106387	2.3695243071	0.0577883759	0.9237039276	0.4017611853	0.0577883759	0.4059061233	0.2140835917	0.3777215545	0.9237039276	0.2140835917	0.6653605193
0.1967663403	0.1730715861	-0.3644972774	-0.4475434689	0.1730715861	0.4868638268	-0.3072783597	-0.8600991412	-0.3644972774	-0.3072783597	0.6757391104	0.8104711274	-0.4475434689	-0.8600991412	0.8104711274	1.6681223343
0.9390918653	-0.3421478576	-0.8103685299	0.6130654486	-0.3421478576	0.5358402258	0.6906502846	0.0883661158	-0.8103685299	0.6906502846	1.7902696177	-0.0170310988	0.6130654486	0.0883661158	-0.0170310988	0.7711509725
0.290670065	-0.2931055901	-0.2098440558	0.3240906324	-0.2931055901	0.4382393479	0.3635700855	-0.2813650508	-0.2098440558	0.3635700855	0.3133557663	-0.1855715809	0.3240906324	-0.2813650508	-0.1855715809	0.6264807968
0.135985148	-0.0444813712	0.5168001012	0.1148842252	-0.0444813712	1.2266559675	-0.4400503127	0.0442841067	0.5168001012	-0.4400503127	2.2092574368	0.3625384653	0.1148842252	0.0442841067	0.3625384653	0.1194322343
4.7e-08	-4.21e-08	-4.42e-08	-3.06e-08	-4.21e-08	1.3239404558	1.4832121692	0.732165264	-4.42e-08	1.4832121692	1.705961067	0.812963477	-3.06e-08	0.732165264	0.812963477	0.4060985814
0.9459613347	-0.3982547107	-0.0059590034	-0.4320917832	-0.3982547107	1.2269944633	-0.1391191636	-0.0043094825	-0.0059590034	-0.1391191636	1.183458319	0.3710547104	-0.4320917832	-0.0043094825	0.3710547104	0.9700545616
0.1179725986	0.1049870815	-0.5357494677	-0.3075257734	0.1049870815	0.1563199718	-0.4538533807	-0.4933989319	-0.5357494677	-0.4538533807	3.0275065751	0.6785157733	-0.3075257734	-0.4933989319	0.6785157733	2.5046442665
0.5350447702	0.4099937263	-0.3605087024	0.8673257244	0.4099937263	2.0083689031	-0.7780521706	0.7125872989	-0.3605087024	-0.7780521706	0.4919444461	-0.6082054071	0.8673257244	0.7125872989	-0.6082054071	1.4082406725
0.3294931015	0.1987488598	0.2826431191	-0.0848898286	0.1987488598	0.1678351429	0.1957262406	0.0341642844	0.2826431191	0.1957262406	0.5821786793	0.2898617201	-0.0848898286	0.0341642844	0.2898617201	0.6643960007
1.0733675318	1.57e-08	-0.2485407698	0.8925531468	1.57e-08	3.72e-08	-2.6e-09	2.64e-08	-0.2485407698	-2.6e-09	1.0786013058	-0.6512199214	0.8925531468	2.64e-08	-0.6512199214	1.0760881109
1.3995240649	0.3446838582	0.2608203562	-0.1931587292	0.3446838582	0.7836726166	-0.2446365303	-0.4996141974	0.2608203562	-0.2446365303	1.080079679	1.095072998	-0.1931587292	-0.4996141974	1.095072998	1.361609574
0.9848297969	-0.0688800678	0.7824079365	-0.440581801	-0.0688800678	1.6355916277	-0.1057673371	0.7264342905	0.7824079365	-0.1057673371	0.7873234503	-0.5116396854	-0.440581801	0.7264342905	-0.5116396854	0.8825543143
0.4536946918	0.1694864554	0.1600683001	0.3942434519	0.1694864554	1.4290390913	-0.3943853698	-0.6541962284	0.1600683001	-0.3943853698	0.6415352556	-0.019689425	0.3942434519	-0.6541962284	-0.019689425	1.2298278245
1.0509697901	0.1107979348	-0.5846823116	0.4767834207	0.1107979348	1.1597054152	0.3117387169	-0.2196231124	-0.5846823116	0.3117387169	0.5308692421	-0.5311765307	0.4767834207	-0.2196231124	-0.5311765307	0.8793174085
1.0766531544	0.071379194	0.8117748095	-0.4876852477	0.071379194	0.9506996654	0.3298300836	-0.3161572924	0.8117748095	0.3298300836	0.8666443326	-0.3765034301	-0.4876852477	-0.3161572924	-0.3765034301	1.1246212163
1.5494783192	-0.0341594911	-0.4374817568	0.8274595182	-0.0341594911	1.0270326032	0.3862311982	0.0435793301	-0.4374817568	0.3862311982	0.9658416299	-0.6723700636	0.8274595182	0.0435793301	-0.6723700636	0.9457219933
1.2256223779	-1.65e-08	0.984671725	-0.3045830076	-1.65e-08	4.46e-08	2.95e-08	-2.4e-08	0.984671725	2.95e-08	1.7751905928	-1.3319562582	-0.3045830076	-2.4e-08	-1.3319562582	1.459772629
0.7932013084	-0.2604081735	0.2855832338	0.2100827302	-0.2604081735	0.7977606288	-0.2393828418	-0.7541256999	0.2855832338	-0.2393828418	1.7357058356	-0.9709308347	0.2100827302	-0.7541256999	-0.9709308347	1.6115658867
0.7648872667	-0.3709665297	-0.5685696935	-0.241910797	-0.3709665297	1.7699217091	0.8475951231	-0.1778294615	-0.5685696935	0.8475951231	0.8408829221	0.5423468195	-0.241910797	-0.1778294615	0.5423468195	1.3938827831
1.3150383346	0.3199413531	0.0138378456	-0.5512568102	0.3199413531	0.8595368036	-0.4337855979	0.1101667216	0.0138378456	-0.4337855979	0.7836251192	0.1198200689	-0.5512568102	0.1101667216	0.1198200689	0.4367446642
1.4405517781	0.5055602198	0.0618285738	0.1166685414	0.5055602198	0.7329442454	0.5706031609	0.7735998533	0.0618285738	0.5706031609	0.8561380084	0.417608233	0.1166685414	0.7735998533	0.417608233	1.3004346986
0.4978453716	-0.7323565207	-0.2585780301	0.1532046945	-0.7323565207	1.1570038332	0.2038069361	-0.2120273708	-0.2585780301	0.2038069361	0.5256563718	-0.1091503203	0.1532046945	-0.2120273708	-0.1091503203	1.3958006887
0.7234507746	-0.0158400756	0.0902058893	-0.4523541686	-0.0158400756	0.3280335343	-0.0530686279	-0.162739553	0.0902058893	-0.0530686279	1.7852002872	0.0835567926	-0.4523541686	-0.162739553	0.0835567926	0.3830362902
1.0935184199	-0.0220070127	0.7709774547	-0.1662772799	-0.0220070127	3.2921536307	-0.2331256711	0.3464122218	0.7709774547	-0.2331256711	1.0340098873	-0.1102402954	-0.1662772799	0.3464122218	-0.1102402954	0.6639216736
0.8956116552	0.603613324	0.1497629518	0.5648833907	0.603613324	0.5819598483	0.0343216344	0.7287413409	0.1497629518	0.0343216344	1.0826821949	0.2470989105	0.5648833907	0.7287413409	0.2470989105	1.1369327824
0.2938322675	-0.7881334604	-0.3010661777	-0.2070717358	-0.7881334604	2.2731238981	1.2962489495	0.6470133816	-0.3010661777	1.2962489495	1.9059910728	0.4934367245	-0.2070717358	0.6470133816	0.4934367245	0.1986439577
1.3908746108	0.4781594959	-0.4279483304	0.4943984277	0.4781594959	0.4237550464	-0.2884436118	-0.2223734616	-0.4279483304	-0.2884436118	0.9136841342	0.6574001196	0.4943984277	-0.2223734616	0.6574001196	1.2793511645
0.7484138353	-0.6755129985	-0.7066231737	0.2996062007	-0.6755129985	0.7062333478	0.7004481877	-0.2101055481	-0.7066231737	0.7004481877	1.7878619607	0.307325577	0.2996062007	-0.2101055481	0.307325577	0.4516147257
0.5863897606	-0.5424788144	0.4714591907	-0.4698775038	-0.5424788144	0.7782850815	-0.6545202716	0.5013358896	0.4714591907	-0.6545202716	0.9225140934	-0.5093573833	-0.4698775038	0.5013358896	-0.5093573833	0.5971634558
0.5428524659	-0.3968609881	0.5148963299	0.112817827	-0.3968609881	0.5816353412	0.0110572976	0.1783467547	0.5148963299	0.0110572976	1.0034376618	0.4537077097	0.112817827	0.1783467547	0.4537077097	1.3437514354
0.7404922087	-0.0704681966	-0.1962116259	0.1271920136	-0.0704681966	0.413561076	-0.3775350403	0.2198152139	-0.1962116259	-0.3775350403	0.4378294284	-0.2595524693	0.1271920136	0.2198152139	-0.2595524693	1.0745257386
0.4153330747	-0.2250854912	-0.0345204263	0.1142148379	-0.2250854912	0.3403048066	-0.4285301359	-0.2514064849	-0.0345204263	-0.4285301359	0.9190477859	0.3787208707	0.1142148379	-0.2514064849	0.3787208707	0.8980879983
5.01e-08	4.3e-08	4.93e-08	3.65e-08	4.3e-08	1.5204247835	0.0789366555	0.8228057243	4.93e-08	0.0789366555	0.7111747829	0.0490755167	3.65e-08	0.8228057243	0.0490755167	0.5697081891
4.87e-08	-3.04e-08	2.49e-08	-3.78e-08	-3.04e-08	1.0202941492	-0.6062838023	0.1186651562	2.49e-08	-0.6062838023	1.7613230663	-0.6126498552	-3.78e-08	0.1186651562	-0.6126498552	0.452897923
0.7115123331	0.5320930976	0.0381681742	0.1918011233	0.5320930976	1.6439437498	-0.3346870245	-0.1585760913	0.0381681742	-0.3346870245	0.7455511139	-0.2171255685	0.1918011233	-0.1585760913	-0.2171255685	1.1678952581
0.7475924031	-0.3950005533	-0.2529092227	0.1697461035	-0.3950005533	0.5109918653	-0.1461830158	-0.3927540351	-0.2529092227	-0.1461830158	0.643360261	0.3882137591	0.1697461035	-0.3927540351	0.3882137591	0.5794816107
1.5541712509	0.9970571213	0.2386813102	-0.3489919121	0.9970571213	2.4667676825	0.020784409	0.1693836469	0.2386813102	0.020784409	0.5101703419	-0.6035705303	-0.3489919121	0.1693836469	-0.6035705303	0.9545437705
2.8046664074	0.142027407	0.5428737775	-2.0024915989	0.142027407	0.1163533832	0.0868478575	-0.2689640456	0.5428737775	0.0868478575	0.1373547849	-0.4787148802	-2.0024915989	-0.2689640456	-0.4787148802	1.686946797
3.56e-08	-2.17e-08	2.29e-08	-1.51e-08	-2.17e-08	0.7795122578	-0.1576054119	0.1164231525	2.29e-08	-0.1576054119	0.5567209111	-0.3471080392	-1.51e-08	0.1164231525	-0.3471080392	0.3760997536
0.2778292264	-0.1788514379	0.3523652923	0.2596178862	-0.1788514379	0.3080830911	-0.4353508038	-0.399846688	0.3523652923	-0.4353508038	0.6722403101	0.5807650331	0.2596178862	-0.399846688	0.5807650331	0.5232872154
0.135303228058106	-0.100922195899878	0.0703031976417849	-0.0162791868156837	-0.100922195899878	0.107836996737386	-0.0655772348809325	0.00576518684179636	0.0703031976417849	-0.0655772348809325	0.594572483139557	-0.298005575399884	-0.0162791868156837	0.00576518684179636	-0.298005575399883	0.16228729206495
0.390786930873565	0.248585310562617	-0.223767595863395	-0.176597004520005	0.248585310562617	0.22449074497397	-0.0804808348606425	-0.201246781209099	-0.223767595863395	-0.0804808348606425	0.185796422524918	0.0182402640797996	-0.176597004520005	-0.201246781209099	0.0182402640797996	0.198925901627548
0.372157892192942	0.0611991101083542	0.172022913222298	-0.0375293076282366	0.0611991101083542	0.100694792109158	-0.118964044066189	-0.102865710361434	0.172022913222298	-0.118964044066189	0.325362068762198	0.128851638043184	-0.0375293076282366	-0.102865710361434	0.128851638043184	0.201785246935702
1.97674154817297e-08	1.46374542890559e-08	6.21648247117439e-09	9.3478171662272e-09	1.46374542890559e-08	0.307105075684505	-1.56389570433689e-09	0.393633602704135	6.21648247117439e-09	-1.56389570433689e-09	2.2383083538271e-08	-6.94155297148359e-09	9.3478171662272e-09	0.393633602704135	-6.94155297148359e-09	0.692894882164996
0.279097909833669	0.168928106597744	-0.229128701505322	-0.0288619244686873	0.168928106597744	0.118521943664695	-0.127073769576885	0.00215919484280067	-0.229128701505322	-0.127073769576885	0.196387334556889	0.0376957392798005	-0.0288619244686873	0.00215919484280067	0.0376957392798005	0.405992811944747
0.0921318052985461	-0.0858387948784568	0.0353992475601129	0.0225758717044392	-0.0858387948784568	0.138988181837222	-0.11284366542294	-0.0260883316175325	0.0353992475601129	-0.11284366542294	0.121679841400763	0.0155145074451124	0.0225758717044392	-0.0260883316175325	0.0155145074451124	0.647200171463469
0.179750319526772	-0.0843680023311957	-0.00176137329542989	0.00638081130106199	-0.0843680023311957	0.184144897026801	-0.0514269283036176	0.0669096811083215	-0.00176137329542988	-0.0514269283036176	0.476380784803786	0.21200827881661	0.00638081130106198	0.0669096811083215	0.21200827881661	0.159723998642642
0.235976359914496	0.0326079692556237	0.205899031856912	-0.0271422436870124	0.0326079692556237	0.235568954791212	0.0464337139044196	-0.113874724044225	0.205899031856912	0.0464337139044196	0.372907512671544	0.0357224175265058	-0.0271422436870124	-0.113874724044225	0.0357224175265058	0.155547172622748
0.107275331072469	-0.128216176052355	0.105555541807651	0.160840555208678	-0.128216176052355	0.16017939067458	-0.111053896972331	-0.237232024418703	0.105555541807651	-0.111053896972331	0.136773236969099	0.0602427145436344	0.160840555208678	-0.237232024418703	0.0602427145436344	0.595772041283852
9.88041400738929e-09	-1.09374916391065e-08	-2.18189685556346e-09	1.12984411388294e-09	-1.09374916391065e-08	0.370668685194697	0.076364875214938	-0.122989629962637	-2.18189685556346e-09	0.076364875214938	0.243228896386646	0.0292788356267438	1.12984411388294e-09	-0.122989629962637	0.0292788356267438	0.386102408538244
0.08571395519347	-0.00136074459038805	0.0964474307084768	-0.0563276462567097	-0.00136074459038806	0.0800257588169563	0.0409189815282008	0.0129110158523977	0.0964474307084768	0.0409189815282008	0.771369870441605	0.0234846945626589	-0.0563276462567097	0.0129110158523977	0.0234846945626589	0.0628904155479688
0.483099267021405	-0.0392396514207237	0.0767735587545987	0.185112864900013	-0.0392396514207237	0.19707839840535	0.0144891702436258	0.0251406657277033	0.0767735587545987	0.0144891702436258	0.180999165832801	0.123199643647127	0.185112864900013	0.0251406657277033	0.123199643647127	0.138823168740444
0.230439070641337	0.151095973526904	-0.158439176048533	-0.0843572304621995	0.151095973526904	0.291473486861943	-0.136582755593363	0.0497109182890334	-0.158439176048533	-0.136582755593363	0.192501400772754	0.0132990009226627	-0.0843572304621995	0.0497109182890334	0.0132990009226627	0.285586041723966
1.22694361442851e-08	-1.14796000482063e-08	-6.78564277475751e-09	1.18680115447073e-08	-1.14796000482063e-08	0.209983851901554	0.132423998351412	-0.260450834336544	-6.78564277475751e-09	0.132423998351412	0.440120010352502	-0.110070962204155	1.18680115447073e-08	-0.260450834336544	-0.110070962204154	0.349896125476508
0.159949457703451	-0.118531503578178	0.0139756600832356	-0.0463669221499134	-0.118531503578178	0.190606185728952	0.115765118194945	0.111579673052747	0.0139756600832356	0.115765118194945	0.379103474121959	-0.109812808486022	-0.0463669221499134	0.111579673052747	-0.109812808486022	0.270340882445638
0.433112102028182	0.0833408516787062	0.196383436137272	0.00227187977792072	0.0833408516787062	0.18263188794469	-0.083941033883665	-0.0901013573619361	0.196383436137272	-0.083941033883665	0.258421581265409	0.0604960933377061	0.00227187977792072	-0.0901013573619361	0.0604960933377061	0.125834428761719
0.0677495052452746	0.0726595171492985	-0.0397383580948496	0.0478004236610282	0.0726595171492985	0.422746585184354	-0.113754729680984	0.0594843505395654	-0.0397383580948496	-0.113754729680984	0.0473698985414062	-0.0873784478692162	0.0478004236610282	0.0594843505395654	-0.0873784478692162	0.462134011028965
0.177273572091189	0.0197544225039304	0.0513157847490759	0.0645762450066866	0.0197544225039304	0.18091877174673	0.112301464346581	-0.00767966092073955	0.0513157847490759	0.112301464346581	0.19640443395949	0.1950375898234	0.0645762450066866	-0.00767966092073958	0.1950375898234	0.445403222202591
0.25526244801193	-0.0357222753184029	-0.108596796923999	-0.280827436915422	-0.0357222753184029	0.159251943669877	-0.0959878186958922	0.0759541504957761	-0.108596796923999	-0.0959878186958922	0.126342704604443	0.0930526576213156	-0.280827436915422	0.0759541504957761	0.0930526576213156	0.45914290371375
0.22477005731561	-0.0969353207277359	0.0510262093310356	0.0667563291952987	-0.0969353207277359	0.141024887587822	-0.143323236375812	-0.0741191508230098	0.0510262093310356	-0.143323236375812	0.550393441255412	-0.0594131392857896	0.0667563291952987	-0.0741191508230098	-0.0594131392857896	0.0838116138411567
0.101981031758223	-0.028275608801735	-0.0728336010119094	-0.0304594146848125	-0.028275608801735	0.222843841993105	-0.0166182144591735	-0.0966753808271249	-0.0728336010119094	-0.0166182144591735	0.144215095377544	0.00690985848060478	-0.0304594146848125	-0.0966753808271249	0.00690985848060478	0.530960030871127
0.116937516873127	0.130792614741175	0.0491159272098843	0.0102153191586301	0.130792614741175	0.260527423124195	-0.0810641560233732	-0.0934324467348295	0.0491159272098843	-0.0810641560233732	0.182535876068696	0.129123321400948	0.0102153191586301	-0.0934324467348295	0.129123321400948	0.439999183933981
0.0651833264310636	-0.0280933813170532	0.0306929199048151	0.0715497525000317	-0.0280933813170532	0.428361974591265	-0.0102018463379492	-0.100370772152574	0.0306929199048151	-0.0102018463379493	0.30567004807659	0.0454369114032136	0.0715497525000317	-0.100370772152574	0.0454369114032136	0.200784650901081
0.335478665764838	-0.129758038879819	-0.180406221667294	-0.127174036226287	-0.129758038879819	0.0850491773915068	0.0999055559442188	0.0999760681496261	-0.180406221667294	0.0999055559442188	0.305687656498592	0.0303246795961516	-0.127174036226287	0.0999760681496261	0.0303246795961516	0.273784500345064
0.0534637364987426	-0.0644482356479452	-0.036986584354907	0.0374188793143853	-0.0644482356479452	0.458910333636201	0.103152661987183	-0.0561943752571526	-0.036986584354907	0.103152661987183	0.0541137908240001	-0.108289985342023	0.0374188793143853	-0.0561943752571526	-0.108289985342023	0.433512139041056
0.377587919425508	0.0164781064243216	0.144612604535101	0.166228177836938	0.0164781064243216	0.174042813546725	0.121585872382776	-0.0217485518476605	0.144612604535101	0.121585872382776	0.35417150729643	0.080856588528005	0.166228177836938	-0.0217485518476605	0.080856588528005	0.094197759731337
0.164839023916283	0.175718751256435	-0.138646053506601	-0.072807263925069	0.175718751256435	0.26441315376191	-0.0307860665005314	-0.0174204290104835	-0.138646053506601	-0.0307860665005314	0.295429784398566	0.14008626967529	-0.072807263925069	-0.0174204290104835	0.14008626967529	0.275318037923241
0.05438220483655	0.0534399272908398	0.0343109512455079	0.0781252977312343	0.0534399272908398	0.149916134437035	-0.111197922907159	0.00193184518422597	0.0343109512455079	-0.111197922907159	0.405529698111552	0.0170024827914229	0.0781252977312343	0.00193184518422597	0.0170024827914229	0.390171962614863
1.36626431954339e-08	2.66192669483823e-09	5.72719134123591e-09	2.3344198733647e-09	2.66192669483823e-09	0.663983829979458	-0.0917791969360598	0.275278930470399	5.72719134123591e-09	-0.0917791969360598	0.189198799980136	0.0379117508542775	2.3344198733647e-09	0.275278930470399	0.0379117508542775	0.146817356377763
0.294897931217987	-0.0552311639538004	-0.238829086170665	-0.0789559589122583	-0.0552311639538004	0.207659379670146	-0.0193626573291856	0.0627267411415733	-0.238829086170665	-0.0193626573291857	0.27786028904135	0.0229985949797721	-0.0789559589122583	0.0627267411415733	0.0229985949797721	0.219582400070517
0.155186042947143	0.0623476632186777	-0.0244623119425498	0.134785335361113	0.0623476632186777	0.0853218896790518	-0.0130552521505968	-0.0786816842154112	-0.0244623119425498	-0.0130552521505968	0.220680184101242	-0.146435866788258	0.134785335361113	-0.0786816842154112	-0.146435866788258	0.538811883272563
0.306115375894216	0.106486131426404	-0.0502306045940084	0.224366418659637	0.106486131426404	0.0779716715508842	-0.100786758136485	0.0819721291957198	-0.0502306045940084	-0.100786758136485	0.361125260225222	-0.139635180239445	0.224366418659637	0.0819721291957198	-0.139635180239445	0.254787692329678
0.166744760351797	-0.0760698781243937	-0.0675479783762328	0.101270520492834	-0.0760698781243937	0.228086600435856	0.00329745078883445	-0.184511996994746	-0.0675479783762328	0.00329745078883445	0.335841604304416	-0.20345861625825	0.101270520492834	-0.184511996994746	-0.20345861625825	0.269327034907931
0.170463566374236	0.0831166322650438	0.191115486892709	0.151535320627142	0.0831166322650438	0.179170215582276	0.162334426648069	0.225894114785884	0.191115486892709	0.162334426648069	0.31779684838159	0.288414311605168	0.151535320627142	0.225894114785884	0.288414311605168	0.332569369661898
0.22399389894943	-0.150853125554633	-0.0767473941994127	-0.093642366794809	-0.150853125554633	0.18754909478791	-0.00936706254000517	-0.00950617149801449	-0.0767473941994127	-0.00936706254000517	0.343124475811418	0.223563604452601	-0.093642366794809	-0.00950617149801448	0.223563604452601	0.245332530451241
0.333674831548928	0.174703842757152	-0.0868143621617915	-0.11868870891652	0.174703842757152	0.232946314143243	-0.134645629528171	-0.101880688815865	-0.0868143621617915	-0.134645629528171	0.337737542851357	-0.0384205490883392	-0.11868870891652	-0.101880688815865	-0.0384205490883392	0.0956413114564727
0.358360804551963	-0.0337226833341066	0.173960072359201	-0.0789144500974242	-0.0337226833341066	0.14541180344596	0.0280017629522018	-0.0946574372744183	0.173960072359201	0.0280017629522018	0.331307380538445	0.0539588003215216	-0.0789144500974242	-0.0946574372744183	0.0539588003215216	0.164920011463632
7.58507404704713e-09	-2.34690796013654e-09	-6.97542033688797e-09	1.93453578408405e-11	-2.34690796013654e-09	0.230031938092546	0.069725510040855	-0.160607940061441	-6.97542033688797e-09	0.0697255100408551	0.579501582340105	-0.00229455304250095	1.93453578408405e-11	-0.160607940061441	-0.00229455304250094	0.190466471982274
0.498623082253238	-0.221318541983414	0.0505494440107202	-0.210819620146642	-0.221318541983414	0.154536225833105	0.0267771828319576	0.144275146770247	0.0505494440107202	0.0267771828319576	0.192472722805298	-0.018030822903144	-0.210819620146642	0.144275146770247	-0.018030822903144	0.154367969108358
0.162586466728385	-0.0817631372369346	-0.132319340211039	0.1699611071104	-0.0817631372369346	0.138213791703656	0.116672014119314	-0.0999208013122879	-0.13231934021104	0.116672014119314	0.477461966916892	-0.0367057446394202	0.1699611071104	-0.0999208013122879	-0.0367057446394202	0.221737774651068
0.251189580790745	0.108777162366557	-0.0799883964652303	0.0193797882027988	0.108777162366557	0.413590764185682	-0.11040945002871	-0.0231623753649723	-0.0799883964652303	-0.11040945002871	0.275496414608282	0.102136282441646	0.0193797882027988	-0.0231623753649723	0.102136282441646	0.0597232404152909
0.182300300072775	0.149313363606243	-0.0769798802459736	0.172563505664007	0.149313363606243	0.279200906638871	-0.23092288226357	0.0842068966651536	-0.0769798802459736	-0.23092288226357	0.339585323457925	0.0316390170340113	0.172563505664007	0.0842068966651536	0.0316390170340113	0.198913469830429
0.0512035947862686	-0.00249874664520652	-0.0575025951311422	0.0390188170132513	-0.00249874664520653	0.197256426440375	-0.0519813228091758	0.174340386684145	-0.0575025951311422	-0.0519813228091757	0.46901675241214	0.0433578095892125	0.0390188170132513	0.174340386684145	0.0433578095892124	0.282523226361216
0.0853517689164082	0.0843681562808359	-0.103884322038921	-0.0760464332152819	0.0843681562808359	0.128727159694253	-0.116937800992234	-0.0658393804120991	-0.103884322038921	-0.116937800992234	0.270694872167146	0.121487078531663	-0.0760464332152819	-0.0658393804120991	0.121487078531663	0.515226199222193
0.329637210915689	0.103874253244184	-0.094505813661294	-0.0248560184041152	0.103874253244184	0.130094626495329	-0.0952872117715108	-0.0709066129544525	-0.094505813661294	-0.0952872117715108	0.370995602243282	0.049446058801681	-0.0248560184041152	-0.0709066129544525	0.049446058801681	0.1692725603457
0.184329182341583	0.148005872053552	0.179250779840399	0.07749043201211	0.148005872053552	0.175298546227804	0.206196801326733	0.0636941795847839	0.179250779840399	0.206196801326733	0.607757452188444	0.0769809181050873	0.07749043201211	0.0636941795847839	0.0769809181050873	0.0326148192421689
0.0790036815402777	0.0110457549793162	0.0499782132582205	0.00900528550344031	0.0110457549793162	0.410325485140895	-0.0320351701301968	-0.356887031349342	0.0499782132582205	-0.0320351701301968	0.0891756157290582	0.0219868623084197	0.00900528550344031	-0.356887031349342	0.0219868623084197	0.421495217589769
0.477389915281047	1.15748538840788e-08	0.0513882547810487	0.153537488558156	1.15748538840788e-08	1.69838568397824e-08	1.26493952009967e-08	1.27715700695562e-08	0.0513882547810487	1.26493952009967e-08	0.175756370088949	0.227635945969746	0.153537488558156	1.27715700695562e-08	0.227635945969746	0.346853697646147
0.340946077221074	0.158226418272107	-0.101321732227155	0.0217130259701844	0.158226418272107	0.249367963115578	0.10010265575613	-0.117619586933004	-0.101321732227155	0.10010265575613	0.291343395747008	-0.1244189219003	0.0217130259701844	-0.117619586933004	-0.1244189219003	0.11834256391634
1.94744725485945e-08	4.17940914535899e-10	-1.78362653513035e-08	-4.12936954383499e-09	4.17940914535899e-10	0.308596840918792	-0.117080332805258	-0.0534890469661476	-1.78362653513035e-08	-0.117080332805258	0.302697775730251	0.276033279533142	-4.12936954383499e-09	-0.0534890469661476	0.276033279533142	0.388705363876485
0.192002610801103	-0.138741945829062	0.139172217721259	-0.0536330650366157	-0.138741945829062	0.447280731616413	0.0674550106331169	-0.0514028541453713	0.139172217721259	0.0674550106331169	0.228718017988463	-0.0447758294664174	-0.0536330650366157	-0.0514028541453713	-0.0447758294664174	0.131998639594021
0.286355879763551	-0.0473427385250337	0.0369837100149925	-1.13853075098081e-08	-0.0473427385250337	0.287918926378725	0.0761263005780162	-1.54840221934662e-09	0.0369837100149925	0.0761263005780162	0.425725179863894	-1.07503145942597e-08	-1.13853075098081e-08	-1.54840221934662e-09	-1.07503145942597e-08	1.39938297655902e-08
0.134036139569316	0.146117477368217	-0.0417536871997829	-0.12328532661139	0.146117477368217	0.425846704802676	-0.144691762790596	-0.264626007261945	-0.0417536871997829	-0.144691762790596	0.236029381244248	0.152155478396395	-0.12328532661139	-0.264626007261945	0.152155478396395	0.20408777438376
0.0716157980388482	-0.116278242022513	0.0662798494183576	-0.0786248998779875	-0.116278242022513	0.289621903474782	-0.134845648518664	0.0806678308465019	0.0662798494183576	-0.134845648518664	0.282650862183099	-0.289274565141805	-0.0786248998779875	0.0806678308465019	-0.289274565141805	0.35611143630327
0.0829924493179784	-0.0729073200304169	-0.193895242291837	0.152334360965475	-0.0729073200304169	0.146791384854666	0.120960150461599	-0.159782667817551	-0.193895242291837	0.120960150461599	0.482458679898212	-0.340408624008598	0.152334360965475	-0.159782667817551	-0.340408624008598	0.287757485929144
0.243644941248615	-0.151614903347196	0.021820601955013	-7.78315704152747e-09	-0.151614903347196	0.345400424302314	0.0396364726910431	4.31641637133564e-09	0.021820601955013	0.0396364726910431	0.410954624875933	6.96446149201395e-09	-7.78315704152747e-09	4.31641637133564e-09	6.96446149201395e-09	9.57313829230306e-09
0.270408271447523	-0.030452117097645	-0.17250250638053	-0.114200352427195	-0.030452117097645	0.23616442417119	-0.0626024011257396	0.132973253000421	-0.17250250638053	-0.0626024011257396	0.195943771289039	0.109411878179966	-0.114200352427195	0.132973253000421	0.109411878179966	0.297483533092248
0.0902786610064127	0.0153236405165847	-0.0730011094936729	0.229268791659734	0.0153236405165847	0.0895747180883237	-0.052851584165023	0.156899176689666	-0.0730011094936729	-0.052851584165023	0.0778526188698822	-0.24027791062381	0.229268791659734	0.156899176689666	-0.24027791062381	0.742294002035381
0.265762401147644	0.230431812833324	0.126925454784271	0.060366507678575	0.230431812833324	0.255292366662371	0.0568911045649527	-0.0388830980564111	0.126925454784271	0.0568911045649527	0.111543820138366	0.116219033518154	0.060366507678575	-0.0388830980564111	0.116219033518154	0.367401412051618
0.220722143869775	0.0586281958838297	0.164763029421208	-0.0102458261361011	0.0586281958838297	0.139301788811557	0.00637128267076992	-0.101219090519111	0.164763029421208	0.00637128267076992	0.381157617794583	-0.0411553919579822	-0.0102458261361011	-0.101219090519111	-0.0411553919579822	0.258818449524085
0.180688957170927	0.0397977326551371	0.0813104633820459	-0.043358466244065	0.0397977326551371	0.372552956969107	0.0266592152531203	-0.317781322568236	0.0813104633820459	0.0266592152531203	0.135573005962442	-0.0166369788070046	-0.043358466244065	-0.317781322568236	-0.0166369788070046	0.311185079897523
0.0574802437350479	0.0411051061644625	-0.0896732755084017	0.0878334036956815	0.0411051061644625	0.104426448621293	-0.189348150246116	-0.0267600755298428	-0.0896732755084017	-0.189348150246116	0.462433178849386	-0.0520864214371321	0.0878334036956815	-0.0267600755298428	-0.0520864214371321	0.375660128794273
0.261959813427794	-0.183180890534583	0.0273216424485411	-0.00558571596809652	-0.183180890534583	0.426366465091057	-0.092238328920961	-0.0721471845474687	0.0273216424485411	-0.092238328920961	0.223470636179452	0.104838802672928	-0.00558571596809652	-0.0721471845474687	0.104838802672928	0.0882030853016978
0.340197521897874	-0.272015557656024	-0.0671655656473616	-0.0268057787445283	-0.272015557656024	0.327914924767933	0.0625419507718183	-0.00611139472966182	-0.0671655656473616	0.0625419507718183	0.214524616656903	-0.118789811225786	-0.0268057787445283	-0.00611139472966182	-0.118789811225786	0.11736293667729
1.3680232077456e-08	1.60002751874337e-08	-1.46807574431901e-09	1.010327252689e-08	1.60002751874337e-08	0.133511671378276	0.144903817279322	0.0419392678991931	-1.46807574431901e-09	0.144903817279322	0.325521916412479	-0.157131205127476	1.010327252689e-08	0.0419392678991931	-0.157131205127476	0.540966398529013
0.0780646691397788	0.00576088569202058	0.124610920249857	0.0724686383713699	0.00576088569202058	0.408254547830083	0.00900269266411958	0.121596372207189	0.124610920249857	0.00900269266411958	0.363064362873113	0.105053910149377	0.0724686383713699	0.121596372207189	0.105053910149377	0.150616420157025
0.136337773703144	-0.113144438278026	-0.0949408521600332	-0.00797965862770769	-0.113144438278026	0.220769648067157	-0.0491294911410944	-0.0996543299402424	-0.0949408521600332	-0.0491294911410944	0.286879259020501	-0.0371082912931055	-0.00797965862770769	-0.0996543299402424	-0.0371082912931055	0.356013319209199
0.139124463856097	0.102892393700429	-0.0313395341098472	-0.162233556761534	0.102892393700429	0.210757525695985	-0.101026210768215	-0.115909990827011	-0.0313395341098472	-0.101026210768215	0.293274503229727	0.208425895836258	-0.162233556761534	-0.115909990827011	0.208425895836258	0.35684350721819
0.164368137142354	-0.0269002867933753	-0.0651813366459993	-0.0907542969340784	-0.0269002867933753	0.542753183230959	-0.0638542892768198	-0.0640999256119554	-0.0651813366459993	-0.0638542892768198	0.173651246783056	-0.0180460791939411	-0.0907542969340784	-0.0640999256119554	-0.0180460791939411	0.119227432843631
0.306378712399203	-0.0707990642152274	-0.0273796739992524	0.171908000455904	-0.0707990642152274	0.209617574358301	0.208162915909485	-0.201198091238033	-0.0273796739992524	0.208162915909485	0.21898081929817	-0.170107673325521	0.171908000455904	-0.201198091238033	-0.170107673325521	0.265022893944327
0.17284555789808	-0.0281265224067981	0.0983034333137477	-0.121762470499153	-0.0281265224067981	0.416689132459187	-0.0643464560006914	-0.0360210585885425	0.0983034333137477	-0.0643464560006914	0.227454071889399	-0.0469622469718257	-0.121762470499153	-0.0360210585885425	-0.0469622469718257	0.183011237753334
1.25082895853112e-08	1.07650789984555e-08	6.35950093757306e-09	-9.80659833938173e-09	1.07650789984555e-08	0.52329058038537	0.133557911866551	-0.017191160721314	6.35950093757306e-09	0.133557911866551	0.296641886609496	-0.134095390902954	-9.80659833938173e-09	-0.017191160721314	-0.134095390902954	0.180067520496844
1.39287289571511e-08	-8.91537699767437e-09	-6.53826933337824e-09	-8.64727706289886e-09	-8.91537699767437e-09	0.418911806288475	0.339312742318077	0.239680003349468	-6.53826933337824e-09	0.339312742318077	0.281063784272282	0.225981244030712	-8.64727706289886e-09	0.239680003349468	0.225981244030712	0.300024395510515
0.278241289907169	-0.0556575101885614	-0.0491583610022106	0.00391851325705098	-0.0556575101885614	0.0928533698637642	-0.0684306125080149	-0.104652782565235	-0.0491583610022106	-0.0684306125080149	0.341639301871392	0.0409464804493005	0.00391851325705099	-0.104652782565235	0.0409464804493005	0.287266038357675
0.262566121102505	0.18032108930492	0.226320459345961	-0.238956566459166	0.18032108930492	0.262266916897625	0.120512809269776	-0.250415046060381	0.226320459345961	0.120512809269776	0.203885220301041	-0.184200462417836	-0.238956566459166	-0.250415046060381	-0.184200462417836	0.271281741698829
