-0.111767929574996	-0.117812822128432	-0.346598934057995	0.828796628885147	-0.0108873656197821	0.420474805788652	0.329282713673087	0.663562834537295	-0.483929311377925	0.538482878089608	-0.178865375101976	-0.888686514609154	0.74129815948623	0.944600625550733	-0.766047608555891	0.0166260180804889
0.572568073259116	0.202818796659308	0.894027108532079	0.262436910883149	0.757674965770286	-0.754627396546526	0.627096449463845	0.955208705033272	-0.537513638132158	0.825472593702587	0.352735524678293	0.450131972411636	0.371579151052853	0.593437816572387	0.0592539667394705	0.509278226382159
0.554529038258324	0.797007677963845	-0.54686881901906	-0.79746673361841	0.656518261032355	-0.151060026840745	0.454192313895742	0.873496154525476	-0.406935147661848	-0.375599683586642	0.099392684691753	0.10516325588216	0.280800918861969	0.193298249220198	-0.677650723148479	-0.164183105145809
0.0983483351873349	0.756433197079886	0.976581851815482	-0.961695415430497	-0.297352454652897	0.0692936378301234	0.495635530223761	0.940026349350174	0.390286184141932	-0.453463045167694	0.902275908796863	0.815341429152758	-0.0851509765919636	0.466342066901916	0.116480136030414	0.987788761630303
0.540452561980532	0.633147066151296	-0.147899788040473	-0.399563683454442	0.360580948489383	0.717031338221922	0.743585880422561	0.794124969926333	0.687173523465073	-0.0296975504463937	-0.0229189802636149	-0.869332086969832	-0.0860379262001325	0.191110607390975	-0.779833068930917	-0.312431479018272
-0.486877018355531	-0.891751952686671	0.313107803522647	-0.445126836626899	0.41826059900391	-0.739408957335284	0.0479945477790551	-0.90821977154459	-0.797388624053943	-0.062129820283626	0.421292724836758	0.202692815006852	-0.590166047687013	0.237573053437949	0.398300226635069	-0.370342659964836
-0.346717995113432	-0.349696611990186	-0.199653158303984	0.527012238239809	-0.671864424965976	0.376580696841308	0.286633237434347	0.642707051529905	-0.242906139339548	-0.77619867846056	0.718966548746787	0.426366212674832	0.150020630948217	0.482275784206171	0.507341461132724	0.1101762203164
0.278326402924223	-0.496482756698732	-0.160232100350696	-0.656327522468899	0.768911732504723	-0.317971779391681	-0.589752832021425	0.59077373178445	-0.951060033355853	-0.920440911592222	0.0596372718948508	0.86673407074685	0.204429215996094	0.202353455239774	0.287732436281329	0.843861152586691
-0.239606499983501	-0.930035430118193	-0.545309802053706	0.81377307607014	0.737976133016548	0.164937337741008	0.121572540699706	-0.997822737197686	-0.746275773470348	-0.570718065207898	0.653639261061469	-0.224771436195554	-0.363849061811753	-0.476442929369451	-0.406952034214835	-0.143643913588189
-0.198678604079651	-0.254124301372047	-0.113499409278698	-0.23938519290626	-0.854575115227804	-0.119438456915673	0.213053545337211	-0.390431676715115	-0.186712488678539	-0.79797638801693	-0.0462397167170223	-0.415179316321578	-0.967434892755249	0.768831428001857	-0.579378706514212	0.367288596357805
-0.394481806559449	-0.296955210714267	0.453495003111177	0.772650546059484	-0.89614761919857	-0.842881637302852	-0.971027887664992	-0.613319743936966	-0.94742144054544	-0.0624682989581762	-0.513234762644165	0.839833731906074	0.431667277140848	-0.022708531113895	-0.843851484950382	0.0601322192064009
-0.692371738724479	0.923589839409636	0.752509352568512	-0.0227414450005792	-0.185846933712012	-0.746847372525637	0.85085056197303	-0.988837755460317	-0.627223187539684	-0.351877937765094	-0.899626786828605	-0.710926285396227	0.458738870971905	-0.0354407917695547	-0.323870502714589	-0.526465907249461
-0.120145162343774	-0.431421767199785	0.357535699851115	0.899159095344755	0.547910178629617	0.272278017291587	0.507162940395124	0.493633208760915	0.172062307317267	0.546112671415381	-0.21502348345947	0.210580238145938	-0.505134252384825	-0.419595606838845	-0.961334806553629	-0.305380658859956
-0.299408911142167	0.755518379607819	-0.987691013377579	0.392898466345451	-0.323873785168203	-0.390032659821495	0.296201399270261	0.842292554293975	0.786147562191304	0.994358655511216	-0.854232217498518	-0.740762752366634	0.963136460545872	-0.819515421968199	0.372317316577431	0.857929602587155
0.81727411835088	-0.935498039117405	0.392715455911331	-0.582460368222222	0.648298712655871	-0.56353547253205	-0.800715394076773	0.239011632891646	-0.792370434697788	0.598123607179273	0.805850238565878	-0.374974308026667	-0.436821667681553	-0.986436117463882	-0.00825666866642849	0.976964486024574
-0.244304096657642	0.0359562890147767	-0.810804221310097	0.818190385699671	-0.584738812005316	-0.23587095291894	0.32056053035737	0.516746604555144	-0.653861175215808	0.0347595230126518	0.990676224606932	0.415218813181418	-0.838865398152138	-0.913383807249795	-0.0176888740314791	-0.106807119661595
-0.41414688171212	0.404277023582498	-0.520573644129355	0.918965241416011	-0.389075595385762	-0.690169083573831	0.111016838647954	0.581087378224464	-0.112255412824312	0.991637443454987	-0.126826603674889	-0.391117654053822	-0.506979318166456	0.921650503309125	-0.554238083122668	-0.20878163706754
-0.143044812732298	0.309602643151756	0.177491057210077	0.490109820495576	0.281740576339532	0.00735237241404807	0.876082951610388	0.210687161242969	0.277847496359404	0.405314828459934	0.721898178207674	-0.240675165311611	0.424245766810755	0.0470408710371226	-0.273021122412069	-0.130648253765134
-0.503707294127143	0.0638006503379434	-0.235580634126842	0.603522485946071	0.341721542664276	0.965718369189335	0.87364265725718	0.152544708124073	-0.839627625939827	-0.172350315783119	-0.638309951055533	0.991262374465248	0.0407723886993128	0.770565390996747	0.296503042861437	-0.0674928192640394
-0.38971362784474	0.299539359014533	-0.422436106822524	-0.489497099237803	-0.283633780248234	0.611835023592829	0.077853111860714	0.180127226784069	-0.537716517236429	-0.796107498718933	0.289288978685342	0.960277453418767	-0.796555162157875	-0.624267745210411	-0.981229283012673	0.676606811277695
0.750422050762958	0.318077004762223	0.575251579644805	-0.74794999220046	0.0499483469198814	0.798959530286352	-0.781831176066314	0.269142591942783	-0.838307977301134	-0.17753559947008	0.425267803206568	-0.799155208626783	0.619893630141656	0.275618584310604	0.796137844126232	0.243642385872868
-0.487621571369207	-0.674466737119703	0.251554070509046	-0.498505040498921	-0.474043788553837	0.687856240167264	-0.205158345801414	-0.790842738908302	-0.612291398384708	-0.273859168631693	0.749068554768021	0.199540450857571	-0.483773488000965	-0.283144726097335	0.77508014819291	0.80106117894543
-0.916572399190277	0.234003650608394	0.156065840726638	-0.402382308884402	-0.128667910758526	-0.726733935227219	-0.400558462816942	0.522749537719462	-0.929394940105649	-0.460999978980354	0.99253702145436	-0.106108199333034	-0.694430253023762	0.77245636475126	-0.937239240332636	-0.76793012294335
0.198166211642255	0.897748280261119	-0.191963479960293	-0.917935111572601	-0.41234891751163	-0.936121026551939	0.729025935986022	-0.13490722775389	-0.814382918865788	-0.724416613487686	-0.516057602188938	-0.5539819144565	0.735480095588263	0.528353407240497	-0.310571016761508	-0.230439639859521
0.45533930443128	0.71464236354183	0.983685677294878	0.518920803200135	-0.707917950319289	-0.34738948790374	-0.942427790140668	0.389101929598665	0.917513843912087	0.458094179466938	0.473508413339824	-0.650778734047927	-0.289180906013796	0.149298896019897	-0.0801094537888645	0.667449584037582
0.920763800032372	-0.460153796942291	0.898814918025586	0.804468520380611	-0.610703161469782	0.467903036184192	-0.650277548774927	-0.789717897013805	-0.371774663961617	-0.302468678851866	-0.202075459178277	-0.432165090602833	-0.372176176532658	0.436559591799069	0.889293457317131	-0.824422453687308
0.786787563261323	0.243412204462372	-0.203675245779099	-0.287821241215395	0.293146183671294	0.466182451090551	0.463402189430529	0.916351075322886	-0.908091094266758	-0.151277656893803	-0.981965083445941	0.407610374705779	0.561784734828054	0.129680470530913	-0.953409528335692	-0.984872165690264
-0.078746759182011	0.555072562907087	0.633527938117654	0.262776088090778	-0.270247780928175	0.774996275797186	-0.498146346991717	-0.867761931024402	0.454302358157292	0.533595064978897	0.796651412740877	0.533650877939794	0.893766897762603	0.071466458120413	0.919561558848609	0.956376663260443
0.923223257497781	-0.0217413596302052	-0.492954438957726	0.356448253879071	0.828983564109164	0.234149580141131	-0.355002521655907	-0.0189761401184225	-0.185089315129267	-0.832120752811831	0.183919048938579	0.7580309572782	0.106615722809638	-0.401057862887802	0.794016631361305	0.588612612453743
0.485685099518549	-0.790955769553857	0.0417498185302851	0.693264930631064	0.687226301302417	-0.244505404600957	-0.455809277076064	-0.749392151394123	0.38270507861304	0.110262328081102	-0.983051536116881	-0.167936385662163	-0.12176358917706	0.568721290033462	0.659994982224826	0.179212876909518
0.876393291757561	0.79743287518883	0.389718325869285	-0.379187657541157	-0.312908788739269	-0.8475411137299	0.0396738811925148	0.217554642938153	0.454319920868917	-0.999852132845892	-0.660467462407207	-0.0734179527360215	-0.276295697456431	0.904131229104732	0.864386718393743	0.916137321597848
0.953118455376672	-0.146018883538379	0.826027542118047	0.794622508562363	0.670457134951826	-0.904083657174509	-0.281438861173615	-0.408492207782414	0.258251236462432	-0.727632396622126	-0.251908397441693	0.729563396419646	-0.499452816117023	-0.940988842809889	0.998897942780756	0.210285350164563
-0.694848694190963	-0.874607971572958	-0.325770234311689	-0.108112039052717	0.515296934926012	-0.738932842096741	0.80302367153706	-0.559323519104399	-0.242898525178671	-0.154488223253321	0.945372400178153	-0.645967912990085	0.764553021300096	0.102514700985803	-0.357016184557297	0.799691202435109
0.584750987729421	0.0489257918306794	0.195023050954247	-0.559939605788335	-0.271961486566094	-0.405515938608397	0.703233837948408	0.947379189186548	0.247243208260625	0.784558386814275	0.961805416575298	0.293958209580961	0.597637016315212	-0.190251112223382	-0.0352711374261694	-0.872215281418186
-0.057044706009409	-0.377966852123617	-0.610613856541692	-0.69790092226231	0.802840809923939	-0.858683409303159	0.916775433908298	0.399779479155301	-0.97598067222326	-0.990239201361793	0.706582795768052	-0.0654244510879722	0.673437317755634	-0.558750386232213	0.611921002903819	-0.50284111851818
0.777211185943133	0.386245796046322	0.879800283045113	-0.165665365851944	0.631541700398163	0.609685373176071	-0.279191445960599	0.827628285818296	-0.423368334990492	-0.669996276154569	-0.0882749796792213	-0.514365369114764	-0.996155894893138	0.230685752894923	0.322455721332046	0.320672856185874
0.633274813063524	0.411041979838523	0.15307778556425	0.988124985920644	-0.0776134602226251	-0.0132934999971333	-0.452080625227783	0.310205773475818	-0.185885815181624	-0.400073723394907	0.210871144022345	0.582346544071024	0.941787135758201	0.546767654633215	0.19996341937518	-0.101862734431219
-0.520328117287946	0.307130009404466	-0.26693503274415	-0.0375001347851178	-0.196628871285834	-0.332404911694922	-0.464829263177352	0.535685927279089	-0.519236162106343	0.922554323166632	0.847102522776461	-0.451506173988094	-0.553442038264222	-0.495752874235671	-0.506013159404864	-0.520847246002099
-0.59800822905989	-0.00172614546550154	-0.449161364043521	-0.160792154740182	0.193985763970221	-0.90171018113325	0.773358861193066	0.716598333892043	-0.829876899906909	-0.645166453549805	-0.973202958393208	0.179970872075743	0.415723987001419	0.51784511873049	-0.572057412600815	0.932334537673881
0.00443490262375823	0.473200897441772	-0.775753660789233	0.768979769305252	0.059101350748977	-0.989012156789054	-0.674264171973295	-0.475347894901698	-0.922260339274734	0.364128942063267	-0.943607071781608	-0.000101585419212347	-0.0386101308810476	-0.442942297238361	0.180983424973975	-0.42516810351753
-0.967293026560212	-0.85795968357811	0.420612205027819	0.60589564425344	0.820393243269384	0.824247390546621	0.259072354660925	-0.737012410480988	-0.875726985444099	0.555087650406479	0.484299022795412	0.251858467276317	0.458193353353815	-0.593971280874666	0.589989612904664	0.949142339927917
0.337687461384591	-0.0333248251623774	-0.334625990108185	-0.482396693677363	0.947405417914492	-0.471279410316651	0.579881699767946	-0.00586215768626519	-0.358429469859179	0.232565577780542	-0.986211700202438	-0.874132692642999	0.840049935588879	0.812327388928973	0.663074250619129	0.827349347091037
0.491982887908802	0.745796448152041	-0.13342818181307	0.0431193249118513	0.30531851896311	-0.0619770849892591	-0.633401359961463	-0.547995624475014	-0.176089152796689	-0.96941658466757	0.501340819747201	-0.875753166261447	-0.136631264208136	0.0855587197502232	0.220297100667917	-0.127531653983585
0.0245650517930527	0.710066816874667	-0.0691169064809469	-0.470302804472844	0.258968427459951	0.12546823788384	0.0823129352897711	-0.213377121363052	-0.159075257467164	-0.725756044531163	-0.415644243009552	-0.985353573630757	0.865402449553013	0.21851708216806	0.783691387652559	-0.158350319428336
-0.0105456584572505	-0.755697315439893	-0.1947574695247	-0.81757157798184	0.441096159662419	-0.315314182625385	0.132609772144969	0.309024742172389	0.305002307553478	0.401713420549026	-0.397791026636463	-0.829072371618813	0.266871410219261	-0.46713076930996	0.788503558525957	-0.399462059330494
0.314380132917009	0.143907690995824	-0.195782712284101	0.86940233883164	-0.278931536801261	0.895428017907632	-0.93975284212942	-0.11780666476683	0.401418299741454	0.405985632988364	0.0203331066947279	0.224487773998193	0.492737887895736	0.602871220789689	-0.326550042583662	0.128186012189425
-0.134518130402368	-0.444878117487103	-0.798283580230735	-0.00215909108086887	-0.521931852949186	-0.300797337631874	0.116524580588167	0.096133822128514	-0.157452138916635	-0.229000667798917	-0.238672441640547	-0.438543274257248	-0.640175231498597	-0.745431950416916	-0.968619551043658	0.50617593858352
-0.240117558541112	0.529665770244904	0.836736583559729	0.385398111258259	0.94124848785612	-0.747670066854009	0.292827771043846	-0.226300089186785	0.124689181059699	-0.603298833447841	-0.212147369538436	-0.319515478723621	-0.28704446013354	-0.253920220737844	-0.769271537509555	0.00241951636069238
0.875226067457593	-0.902565039991631	0.957689827539418	0.264651727706321	-0.854732375495787	-0.576351976420023	-0.280225553291991	-0.146637439839895	0.51629074925361	0.831501533389656	0.259480299311949	0.911818225161197	0.510236874260467	0.0522223450239865	0.700221995861402	0.632061849639276
-0.0895346598247417	0.220529075959331	0.0879800761662071	0.036712677960073	-0.427904506012733	0.758032326640119	0.873086073944845	0.612418563908738	0.938169854226843	0.0484698444073202	-0.774262129771981	0.300468877724156	-0.618228064482224	0.713871670540347	0.885706144924019	-0.793106200561213
0.507276814785357	-0.587289769611467	0.722761426441158	0.315688326370108	-0.795588488016149	0.160929607427327	0.926976561143662	0.689745298280397	0.506213797449395	0.406099624572071	-0.506752701963164	-0.920117009217225	-0.0757736380391065	-0.765252375921789	-0.676760050774139	-0.160488320307197
-0.840090593070307	0.470655466766181	0.645301350105576	-0.313218727400455	-0.727723801166242	0.331778853837435	0.660882278412492	0.347241740625515	-0.721081804155102	-0.242346232105408	0.356725882351297	0.0318501847795607	0.956110749175731	-0.46455060268846	0.733821001300093	-0.252490263086887
0.204773033413987	-0.785266356860339	-0.0890554855692955	0.309179420975524	-0.884933758436292	-0.95747424630751	-0.420396519673345	0.862957662546219	0.0280387149131822	0.750596860736446	-0.243800976669045	0.769023039085944	0.0695477402963127	0.785205470602694	-0.794473146656342	-0.575908334371678
-0.707895816405165	0.862145972376085	-0.156103869151418	-0.887002525219237	0.348400877690458	-0.440382535456723	0.560174086519519	0.925682432075167	0.37648967330561	-0.00315487959101635	-0.801935079898937	-0.424497505375063	0.0762245656011451	-0.97733989723262	-0.43431303084966	0.179142581351615
-0.0375945652382295	-0.427673845997096	0.190311611198364	-0.327185710388215	0.919101134920118	-0.115849956561971	0.923992416927297	0.352767240728116	0.412155673515475	0.915385506308383	0.879753875622135	0.667515069747377	-0.689517358362916	0.660864349386639	-0.071719354061345	-0.402623144644002
-0.692170968574172	0.0505073683191111	-0.433520424508639	0.429732229017902	0.468778569840649	-0.100728313872565	-0.63584513203148	-0.728919147184745	-0.454456772669044	0.271287014261729	0.612375836850193	0.33575464535774	-0.426821705401809	-0.715116874497986	-0.508249529463193	0.383794027022434
0.634674507568408	0.264163421466256	0.364294893147422	0.616433645813306	-0.440675723632753	0.329938535818973	-0.941351775304611	0.0887603084954962	0.0579404915744723	0.746328556308827	-0.62478339235966	0.862921149446716	0.952704551840731	-0.337591144829967	0.247418468270035	0.0541214370120107
-0.931407476000073	0.853695092652003	-0.913239888637336	-0.0478798014469191	-0.228504530532407	0.0681166684931838	0.996336542569335	0.804948376599457	-0.970489003295936	0.56102985757896	-0.0294210991692438	-0.219560470891366	0.646180209723213	0.748835089124236	0.996712052858419	-0.60867882142488
0.270725775991305	0.0505387103907942	-0.717321126265575	-0.448969036360574	0.974205468985779	0.589996615714783	0.866669820634532	-0.303254882561402	-0.581733035523576	0.360731028703643	-0.289152414103803	-0.123253707387583	0.817556358798434	0.667179918920058	-0.217232369071804	0.46795819857161
0.0229605914147564	-0.341189066024113	-0.997311876931939	0.16128810045146	-0.65632386207202	-0.61018555829723	-0.699356983423742	0.0108394504007652	-0.96522615013918	-0.0575840946771147	-0.907845011744873	-0.115469502599523	-0.672881612200513	0.144199910830374	0.636640645475694	-0.829316038670213
0.529204740617641	-0.506096663033655	0.387710851617739	-0.410274176340577	0.141401061674148	0.269608331143849	-0.202217605545687	-0.502232620973859	0.870664761829325	-0.102196197130627	0.0635680347297303	0.269677099834359	0.336240722714354	-0.121973622557469	-0.654021270981777	0.388768482912344
0.899528990749844	-0.979271241822256	-0.664344583148632	0.510544896104647	0.667643464551572	0.211720872767803	0.0358343367384275	0.885715206554764	0.482412791099868	0.402157734011204	0.48943629805141	0.747651547243505	0.928241191894875	0.963833814591249	0.837265655472722	-0.433039267015968
0.885264812365934	0.283140715096497	0.658126733859489	-0.222475612766947	-0.663175564238031	0.480235480805776	0.745591700707472	-0.288950048981806	-0.642342657651764	0.992847215839276	0.918255117755263	-0.68800752598158	0.857871330550063	-0.15085162646505	-0.553832109854404	-0.727209814827488
0.254505732066003	-0.588134471687405	0.960370916075168	-0.124451439733425	0.670391548479788	0.0783608959220754	-0.949746133623281	-0.986351441745936	0.572172477036266	-0.105214288167083	-0.422525101182525	0.726360529848882	0.312456990230124	-0.430612734182043	0.289132449470577	-0.472837642855471
-0.882440462358064	-0.339976597653765	-0.470959044684407	-0.508164667270097	0.895352718792673	-0.935116010988528	0.812301268231812	-0.263004591719094	0.325080746225638	0.907249260989565	-0.811743085888468	0.370631243857635	-0.175119035669322	-0.776422554583487	-0.0163298738433846	-0.0768952324422973
-0.251279723813923	-0.481183937767254	0.660961833360415	-0.859646626533698	-0.437939445678163	0.110089675200805	0.237933761085409	-0.180425825525878	-0.483143109406711	-0.166507680239654	-0.235888922088492	-0.807331734011739	-0.737431561212605	0.219796540835095	0.312387463758689	0.681990625088794
-0.866025138499674	0.51433191091016	-0.518573932917609	-0.538180327963399	-0.976023235601	-0.735050748355087	-0.58122690304192	-0.571634567231901	0.811588740564287	-0.444454997198346	-0.805796021146405	0.565643053341047	0.33504188920914	0.225345097056883	-0.312415157420585	0.380677782928164
0.562691306344093	0.0768549581238023	-0.811723497966614	0.772017370221982	-0.485009733119467	-0.0729862682476075	-0.33840345981748	0.513546775373202	0.60569867065598	0.606235381787224	0.753273720657425	-0.825051864911917	0.335827249807406	0.00484394505870811	-0.328875918667828	0.177122938851736
0.362304212207285	-0.710346688010024	-0.884344495644446	-0.730115994260089	-0.97043912299144	-0.621765697439822	-0.858275763424191	-0.924280498799061	-0.384259583738611	0.0314710920474401	-0.212978519690801	0.99039102821123	-0.120800041111215	-0.697120705935689	0.556101058998032	0.482346927254528
0.443276813220267	0.564941905502813	0.884090201873255	-0.904863046878662	0.600700775895258	-0.0664231892518914	-0.441720300644435	-0.910557835774335	0.575101937134029	0.798247722847921	0.551367799354875	0.674900471164181	-0.311158588239341	-0.617614792408646	-0.243122152279879	-0.487332316899684
0.438675869560601	-0.932813670851051	0.23124779385813	-0.775630268484881	-0.898795683643275	-0.889579501504045	-0.947560806461563	0.910871163600219	0.0504276069959868	0.512508030307653	0.179636636294348	0.477811267919728	-0.361166001272208	0.696259667417459	-0.0127063571426511	-0.770329443582312
0.844813195998625	-0.253716465734139	0.978321441660438	0.0869120621871897	0.126633033600624	-0.6242027627811	-0.56900874250278	-0.0293862092714783	-0.560998525389286	0.873745096724563	-0.444750727529042	0.906207077163962	0.6298650215863	-0.300802390757027	-0.956787910472393	-0.317973913815052
-0.90724739723535	-0.94134602082073	0.148888982591862	-0.319191668683059	-0.561398465508902	0.807982108750025	0.366175683045605	-0.256703705133917	-0.197764327014357	-0.590059460906743	-0.524601612400041	0.768721291894957	0.842486111368687	0.563297724538164	-0.516168423976702	0.167192604538625
-0.274790854435825	-0.676197214192142	0.787050966276913	-0.119047266682156	0.340620039040183	-0.579146521363473	-0.0577075394470838	-0.900172316901298	-0.00813696458950242	-0.46055761116608	0.368348615525562	0.495991238582013	-0.216717262225267	0.117654091410508	0.464491228281018	0.223243489314224
-0.122900433075099	0.839787661728911	-0.361924865004861	-0.431330926147913	-0.272441984271622	-0.00136491380369153	0.627048561871371	-0.530363502955309	-0.95547212788797	-0.397757172554531	-0.403875527709811	0.65185595294592	-0.727209121204595	0.629160811296519	0.722176709856562	0.105883651382522
0	-2.79232859773117e-08	8.64723244009197e-10	9.42344648424537e-09	2.79232859773117e-08	-5.16987882845642e-26	-0.178241408512713	-0.928527276413127	-8.64723244009197e-10	0.178241408512713	-5.55111512312578e-17	-0.486208725155977	-9.42344648424537e-09	0.928527276413127	0.486208725155977	8.27180612553028e-25
0	0.499105248020905	0.565473509686878	0.0337786748791087	-0.499105248020905	1.73472347597681e-17	0.263607511650046	0.626942273383713	-0.565473509686878	-0.263607511650046	0	-0.0908049787873555	-0.0337786748791087	-0.626942273383713	0.0908049787873555	0
0	0.718544284205534	-0.122248274304472	-0.152330020897812	-0.718544284205534	-5.55111512312578e-17	-0.1365452861339	-0.41436878625358	0.122248274304472	0.1365452861339	0	0.209028523180756	0.152330020897812	0.41436878625358	-0.209028523180756	0
0	-0.306969068792101	0.0277136582422508	-0.53514703875543	0.306969068792101	-2.22044604925031e-16	-1.24376230744674	-0.273804976094972	-0.0277136582422508	1.24376230744674	-1.2490009027033e-16	-0.059717718111961	0.53514703875543	0.273804976094972	0.059717718111961	0
0	-0.504963597410077	-0.148990655330563	0.290471866107212	0.504963597410077	0	-0.0618680865228741	-0.274944333773362	0.148990655330563	0.0618680865228741	1.38777878078145e-17	1.10941979551067	-0.290471866107212	0.274944333773362	-1.10941979551067	0
-2.77555756156289e-17	0.321135045029272	-0.0551348328932062	0.306983039929526	-0.321135045029272	0	0.508127217377054	0.370046678409897	0.0551348328932062	-0.508127217377054	0	-0.549267174047286	-0.306983039929526	-0.370046678409897	0.549267174047286	-4.16333634234434e-17
0	0.202698525324828	-0.588565737375253	0.433926772057758	-0.202698525324828	0	-0.306399472893405	0.179873058416539	0.588565737375253	0.306399472893405	-2.77555756156289e-17	0.133635984150548	-0.433926772057758	-0.179873058416539	-0.133635984150548	-5.55111512312578e-17
0	-0.300199910975726	-0.577668587292172	-0.0238399652874353	0.300199910975726	0	0.237722232439396	-0.114119550318537	0.577668587292172	-0.237722232439396	0	0.0250899474689716	0.0238399652874353	0.114119550318537	-0.0250899474689716	0
0	0.138705863660049	0.626818297927026	-0.426026154620319	-0.138705863660049	-6.93889390390723e-18	0.379325531706467	0.13732782883682	-0.626818297927026	-0.379325531706467	-6.93889390390723e-17	-0.00647009294111844	0.426026154620319	-0.13732782883682	0.00647009294111844	0
0	-0.535800598771202	-0.317474462977208	-0.121527426283326	0.535800598771202	0	0.363172684317092	0.203547227853968	0.317474462977208	-0.363172684317092	-5.55111512312578e-17	-0.75059016467548	0.121527426283326	-0.203547227853968	0.75059016467548	-7.63278329429795e-17
0	-0.0889860188414255	-0.0575770834727866	0.133900000517071	0.0889860188414255	-6.93889390390723e-18	0.081305332659881	0.349277000082868	0.0575770834727866	-0.081305332659881	0	0.34833705003684	-0.133900000517071	-0.349277000082868	-0.34833705003684	0
0	-0.548135789766902	-2.44427688269487e-08	0.664241874920488	0.548135789766903	0	-2.68565521043668e-09	0.17089276453875	2.44427688269487e-08	2.68565521043668e-09	0	-2.22159220573099e-08	-0.664241874920488	-0.17089276453875	2.22159220573099e-08	0
0	0.140441910713898	0.454766485549033	-0.238475778622356	-0.140441910713898	2.77555756156289e-17	-0.342578192497607	-0.815561784642165	-0.454766485549033	0.342578192497607	0	0.172662494247768	0.238475778622356	0.815561784642165	-0.172662494247768	1.38777878078145e-17
0	0.291690914430752	-0.244572599539452	0.41989312207625	-0.291690914430752	5.55111512312578e-17	-0.222203522091774	0.445125129473016	0.244572599539452	0.222203522091774	-6.93889390390723e-18	-0.00950206040807987	-0.41989312207625	-0.445125129473016	0.00950206040807987	0
0	0.168764175746223	0.741341858063727	-0.396431945603318	-0.168764175746223	0	-0.27893907984079	0.108191411232112	-0.741341858063727	0.27893907984079	0	-0.17997617536985	0.396431945603318	-0.108191411232112	0.17997617536985	2.77555756156289e-17
0	-0.142690227056904	0.357557720893537	-0.652790128893207	0.142690227056904	0	-0.368188864821139	-0.137154518612357	-0.357557720893537	0.368188864821139	0	-0.145126085259982	0.652790128893207	0.137154518612357	0.145126085259982	1.11022302462516e-16
0	-3.12199048010631e-09	-5.67266844024474e-09	1.43113265217282e-08	3.12199048010631e-09	2.77555756156289e-17	0.650250485713496	0.696698562032837	5.67266844024474e-09	-0.650250485713496	0	-0.699517079870887	-1.43113265217282e-08	-0.696698562032837	0.699517079870887	0
0	0.392071434959816	-0.609777123783176	-0.127206959220782	-0.392071434959816	1.38777878078145e-17	0.716749639163696	-0.00435523045382769	0.609777123783176	-0.716749639163696	0	0.233461254141488	0.127206959220782	0.00435523045382771	-0.233461254141488	5.3776427755281e-17
0	-0.218035886643663	0.126197927534942	0.443279799613331	0.218035886643663	0	-0.184475660791638	-0.114411399982585	-0.126197927534942	0.184475660791638	2.77555756156289e-17	0.0524585404119536	-0.443279799613331	0.114411399982585	-0.0524585404119537	-2.77555756156289e-17
0	0.090646530929831	0.397717203326388	-0.569680458470178	-0.090646530929831	-4.16333634234434e-17	-0.0135453054745079	-0.834295149512099	-0.397717203326388	0.0135453054745079	0	-0.516358822933344	0.569680458470178	0.834295149512099	0.516358822933344	1.38777878078145e-17
1.88737914186277e-15	0.240729483442171	0.124280705037827	0.717794111888	-0.240729483442171	0	0.637344791219026	0.137477775196317	-0.124280705037827	-0.637344791219026	0	0.436788188629964	-0.717794111888003	-0.137477775196317	-0.436788188629964	8.88178419700125e-16
0	-0.454090933507497	0.0174382300441203	0.156415189438459	0.454090933507497	0	-0.346793600813501	-0.032268504560338	-0.0174382300441203	0.346793600813501	-1.38777878078145e-17	0.132498928756357	-0.156415189438459	0.032268504560338	-0.132498928756357	0
0	-0.00970990115722542	-0.0383298473033099	-0.271374888532421	0.00970990115722542	-2.77555756156289e-17	0.165855882754476	-0.360580592450788	0.0383298473033099	-0.165855882754476	-2.16840434497101e-19	0.0422140084157405	0.271374888532421	0.360580592450788	-0.0422140084157405	0
3.98986399474666e-17	-0.287203301475533	0.0535009414980013	0.0570053251241798	0.287203301475533	-5.55111512312578e-17	-0.261202263981422	-0.0877927115879279	-0.0535009414980013	0.261202263981422	0	-0.446375509709267	-0.0570053251241798	0.0877927115879279	0.446375509709267	0
0	0.298203275320316	0.122106959030987	0.270447969739409	-0.298203275320316	2.77555756156289e-17	0.73314799058879	-0.417334471706386	-0.122106959030987	-0.73314799058879	1.38777878078145e-17	0.00288004815921192	-0.270447969739409	0.417334471706386	-0.00288004815921192	0
-8.32667268468867e-17	-0.0783939046065321	-0.458623192526246	0.422294757022298	0.0783939046065321	0	0.366642642024933	-0.237855455331197	0.458623192526246	-0.366642642024933	0	0.583530457562009	-0.422294757022298	0.237855455331197	-0.583530457562009	0
0	8.21273436984693e-09	3.69780641193604e-08	-9.33331352803521e-09	-8.21273436984693e-09	0	1.06166552665959	-0.462519485861513	-3.69780641193604e-08	-1.06166552665959	5.55111512312578e-17	-0.526852384879272	9.33331352803521e-09	0.462519485861513	0.526852384879272	0
0	0.302978090487026	-0.305051120851027	0.309836521833219	-0.302978090487026	2.60208521396521e-18	0.359887549594658	-0.19710065395953	0.305051120851027	-0.359887549594658	0	-0.0436822750003067	-0.309836521833219	0.19710065395953	0.0436822750003067	2.08166817117217e-17
0	0.258154889464637	-0.858767153771089	0.314437150200725	-0.258154889464637	0	-0.884607652205587	0.204968069221139	0.858767153771089	0.884607652205587	3.46944695195361e-18	0.39562936873154	-0.314437150200725	-0.204968069221139	-0.39562936873154	0
0	0.266048156543603	-0.182086637116763	-0.00755023756927375	-0.266048156543603	0	-0.176196472635258	-0.383733753736717	0.182086637116763	0.176196472635258	0	0.111643374462294	0.00755023756927375	0.383733753736717	-0.111643374462294	0
-6.93889390390723e-17	0.119606104974942	0.142758296212635	0.0345069726381513	-0.119606104974943	0	-0.601634447463739	-0.266262639567183	-0.142758296212635	0.601634447463739	0	-0.435702904917387	-0.0345069726381513	0.266262639567183	0.435702904917387	0
0	0.0403777031265378	0.336414030880097	0.441761636809296	-0.0403777031265378	-2.77555756156289e-17	-0.233066454147691	-0.321546060687087	-0.336414030880097	0.233066454147691	0	0.414252364329919	-0.441761636809296	0.321546060687087	-0.414252364329919	2.77555756156289e-17
0	-0.458089962755746	-1.00704650539681	-0.57897615831981	0.458089962755746	0	0.595113167429689	0.487434491785954	1.00704650539681	-0.595113167429689	-1.38777878078145e-17	0.319397605732217	0.57897615831981	-0.487434491785954	-0.319397605732217	-6.93889390390723e-18
0	0.635292153026081	-0.152209058627018	0.635953066899104	-0.635292153026081	2.77555756156289e-17	0.767318566492181	-0.173181601782571	0.152209058627018	-0.767318566492181	0	-0.772682038186133	-0.635953066899104	0.173181601782571	0.772682038186132	0
0	-0.419457735587067	0.292550621101188	-0.520955729854025	0.419457735587067	0	-0.116526537063106	0.659716049549216	-0.292550621101188	0.116526537063106	-2.08166817117217e-17	-0.315395719575363	0.520955729854025	-0.659716049549216	0.315395719575363	4.16333634234434e-17
0	-0.189990274986178	0.0653740398213369	-0.35032323157913	0.189990274986178	-1.38777878078145e-17	-0.138324003973576	-0.334799122382874	-0.0653740398213369	0.138324003973576	0	0.28448246298333	0.35032323157913	0.334799122382874	-0.28448246298333	0
0	-0.391744531457023	0.199464002514058	-0.225743443211483	0.391744531457023	0	-0.267494045634621	-0.0491722415395534	-0.199464002514058	0.267494045634621	0	-0.223087575735238	0.225743443211483	0.0491722415395534	0.223087575735238	0
0	-1.4431881190907e-08	4.1284880775216e-08	3.27007164107521e-08	1.4431881190907e-08	0	-0.0468757290758087	-0.323249273014816	-4.1284880775216e-08	0.0468757290758087	0	-0.590298748167501	-3.27007164107521e-08	0.323249273014816	0.590298748167501	0
-5.55111512312578e-17	-0.215467397072808	0.191490049577867	0.362556173496476	0.215467397072808	0	-0.391675634274676	0.254680889864372	-0.191490049577867	0.391675634274676	0	-0.278212070654192	-0.362556173496476	-0.254680889864372	0.278212070654192	1.38777878078145e-17
1.38777878078145e-16	0.162551269592238	0.253492851408611	0.244673258924674	-0.162551269592238	-4.44089209850063e-16	-0.386008539288653	-0.249774219873656	-0.253492851408611	0.386008539288653	0	0.607997126945154	-0.244673258924674	0.249774219873656	-0.607997126945154	0
0	0.0837863938513354	0.267081212375191	-0.251728296943821	-0.0837863938513354	-1.38777878078145e-17	0.359473645749483	-1.54527827170402	-0.267081212375191	-0.359473645749483	0	0.00766929320405302	0.251728296943821	1.54527827170402	-0.00766929320405302	1.11022302462516e-16
0	-0.9398595810834	-0.740443017739312	-0.368787807335028	0.9398595810834	0	-0.0239845467645603	-0.774441664657882	0.740443017739312	0.0239845467645602	0	-0.600711745398951	0.368787807335028	0.774441664657882	0.600711745398951	0
0	-0.164345119470529	0.151630953505442	0.522557705298392	0.164345119470529	-9.0205620750794e-17	-0.8700739246063	-0.279545754717178	-0.151630953505442	0.8700739246063	1.38777878078145e-17	-0.502256003564438	-0.522557705298392	0.279545754717178	0.502256003564438	0
0	2.87933476788533e-08	4.47924096338583e-08	-2.12777647429908e-08	-2.87933476788533e-08	0	-0.0181103794113214	-0.301310488575315	-4.47924096338583e-08	0.0181103794113214	0	0.745862137225439	2.12777647429908e-08	0.301310488575315	-0.745862137225439	2.77555756156289e-17
0	-0.541680451580478	0.666267349019316	0.011647860613703	0.541680451580478	1.11022302462516e-16	0.308843993521483	-2.08569020484264	-0.666267349019316	-0.308843993521483	0	-0.105456674754313	-0.011647860613703	2.08569020484264	0.105456674754313	1.38777878078145e-16
3.46944695195361e-18	-0.283129896538633	-0.190992937157181	-0.429650230593595	0.283129896538633	0	0.330140120852745	0.214180341468179	0.190992937157181	-0.330140120852745	0	0.0973389108815135	0.429650230593595	-0.214180341468179	-0.0973389108815135	1.38777878078145e-17
0	-0.467426506027522	0.0041479190401898	0.132585547121101	0.467426506027522	0	-0.298248046715706	0.190953119779837	-0.0041479190401898	0.298248046715706	1.38777878078145e-17	-0.247789441833589	-0.132585547121101	-0.190953119779837	0.247789441833589	6.93889390390723e-18
0	-0.101038336010406	-0.531837999656114	-0.309185972748222	0.101038336010406	0	-1.11453142022546	-0.582733657222049	0.531837999656114	1.11453142022546	6.93889390390723e-18	0.343212055427303	0.309185972748222	0.582733657222049	-0.343212055427303	0
6.93889390390723e-18	0.344453125447904	-0.922585818881756	0.844393520872506	-0.344453125447904	0	-0.494632559762577	0.171656345074164	0.922585818881756	0.494632559762577	0	-0.17595720949232	-0.844393520872506	-0.171656345074164	0.17595720949232	0
0	0.293849232384227	0.0244322340547973	-0.610396462753901	-0.293849232384227	5.55111512312578e-17	1.55865580327847	-0.0647566764856005	-0.0244322340547973	-1.55865580327847	-1.45716771982052e-16	-0.0865453682989065	0.610396462753901	0.0647566764856005	0.0865453682989065	0
0	2.71476784312561e-09	1.15943431933001e-08	3.79408201968912e-08	-2.71476784312561e-09	0	0.455679466322814	1.2357256376637	-1.15943431933001e-08	-0.455679466322814	0	0.117296250422518	-3.79408201968912e-08	-1.2357256376637	-0.117296250422518	5.55111512312578e-17
0	-1.30738548999694	0.260492644534289	-2.31837259795242e-08	1.30738548999694	0	0.838363308269967	-2.71780921782195e-08	-0.260492644534289	-0.838363308269967	1.38777878078145e-17	-9.77825984108366e-09	2.31837259795242e-08	2.71780921782195e-08	9.77825984108366e-09	0
0	-0.333855878764931	-0.59824204812978	0.0327884436555888	0.333855878764931	3.33066907387547e-16	0.0408385790785912	-2.52225796475541	0.59824204812978	-0.0408385790785912	0	-0.00166426027244138	-0.0327884436555888	2.52225796475541	0.00166426027244138	-2.22044604925031e-16
0	0.187049268543313	-5.59854031574227e-09	-0.117922784923626	-0.187049268543313	0	3.34184884522073e-08	0.414770510535301	5.59854031574227e-09	-3.34184884522073e-08	0	-6.85932173409809e-09	0.117922784923626	-0.414770510535301	6.85932173409809e-09	-1.38777878078145e-17
0	0.305098745825282	-0.615353193298375	0.317012292847734	-0.305098745825282	-6.93889390390723e-18	0.291018647918188	0.306392302149874	0.615353193298375	-0.291018647918188	0	0.00947589144621665	-0.317012292847734	-0.306392302149874	-0.00947589144621665	-6.93889390390723e-18
1.38777878078145e-17	-0.124093573112757	-0.149058160408471	0.235112151351373	0.124093573112757	0	-0.55789450032858	0.477279933138591	0.149058160408471	0.55789450032858	0	-0.483710078459512	-0.235112151351373	-0.477279933138591	0.483710078459512	0
0	0.132648935985818	-0.173602643085128	-0.0965316663757333	-0.132648935985818	0	-0.362100719548172	0.59539434374108	0.173602643085128	0.362100719548172	0	-0.290399956601984	0.0965316663757333	-0.59539434374108	0.290399956601984	-6.93889390390723e-18
0	5.44460542268402e-08	1.47054975729216e-08	-3.02708355832551e-08	-5.44460542268402e-08	0	-0.0109356412039464	-0.214681324797613	-1.47054975729216e-08	0.0109356412039464	-1.94289029309402e-16	-0.145905226117452	3.02708355832551e-08	0.214681324797613	0.145905226117452	0
0	-0.350671476634942	-0.219005843641496	0.0668466728229117	0.350671476634942	0	0.123284592924494	0.416705618423266	0.219005843641496	-0.123284592924494	2.77555756156289e-17	-0.130384653909275	-0.0668466728229117	-0.416705618423266	0.130384653909275	0
0	0.726443769889045	-0.672785571756671	-0.00324189570024924	-0.726443769889045	0	0.437360920330044	-0.124696490897614	0.672785571756671	-0.437360920330044	0	0.117437650104655	0.00324189570024924	0.124696490897614	-0.117437650104655	2.77555756156289e-17
0	-0.155156040938105	-0.192838795257664	-0.412457844944536	0.155156040938105	0	0.0736070823238331	0.212916015721314	0.192838795257664	-0.0736070823238331	1.38777878078145e-17	0.430219012889942	0.412457844944536	-0.212916015721314	-0.430219012889942	-2.77555756156289e-17
0	0.653632853641314	0.23766172696126	0.203623865189817	-0.653632853641314	0	-0.752249361265916	0.349933039390136	-0.23766172696126	0.752249361265916	0	0.361581578942347	-0.203623865189817	-0.349933039390136	-0.361581578942347	0
0	0.0363785640329614	-0.181217433787034	-0.25557150031406	-0.0363785640329614	0	0.0637011552545638	-0.200641569151264	0.181217433787034	-0.0637011552545638	2.08166817117217e-17	-0.0168712862034843	0.25557150031406	0.200641569151264	0.0168712862034843	0
0	-0.0287718812001047	0.710378837036913	-0.581259580051489	0.0287718812001047	-8.32667268468867e-17	-0.106774140294523	-0.457491754738133	-0.710378837036913	0.106774140294523	0	-0.396527672205226	0.581259580051489	0.457491754738133	0.396527672205226	0
0	0.155705889594431	-0.454054643675869	0.140635922871667	-0.155705889594431	0	-0.0789956777530675	-1.17853848562341	0.454054643675869	0.0789956777530675	0	0.138071419887168	-0.140635922871667	1.17853848562341	-0.138071419887168	1.38777878078145e-17
0	0.468536629979917	-0.377653338781566	0.179651083989468	-0.468536629979917	5.55111512312578e-17	-0.020005713544506	-0.0684427009688875	0.377653338781566	0.020005713544506	0	-0.355377561037033	-0.179651083989468	0.0684427009688875	0.355377561037033	0
0	0.338569056505951	0.163283076244201	0.591952276693511	-0.338569056505951	0	-0.338350694052699	0.0786529747061001	-0.163283076244201	0.338350694052699	0	0.629502751591608	-0.591952276693511	-0.0786529747061001	-0.629502751591608	0
-1.38777878078145e-17	-0.393612619016965	0.203750879128175	0.318308288756619	0.393612619016965	0	0.407117794758142	0.301897970854524	-0.203750879128175	-0.407117794758142	0	-0.000540287348678725	-0.318308288756619	-0.301897970854524	0.000540287348678725	0
0	0.343498045524063	0.412976199699371	-0.228268640145458	-0.343498045524063	-8.32667268468867e-17	0.270482648105371	-0.828174087297219	-0.412976199699371	-0.270482648105371	0	0.400865607696172	0.228268640145458	0.828174087297219	-0.400865607696172	1.38777878078145e-17
0	0.15000791254846	-0.40486270367258	0.656006246323059	-0.15000791254846	-4.16333634234434e-17	1.43821382158643	0.0745665795291752	0.40486270367258	-1.43821382158643	1.11022302462516e-16	-0.490492486228618	-0.656006246323059	-0.0745665795291752	0.490492486228618	0
0	-0.242852742664083	-0.270539187791201	0.589743978372677	0.242852742664083	8.32667268468867e-17	0.259704724209649	-0.887371743951427	0.270539187791201	-0.259704724209649	0	-0.262518163060581	-0.589743978372677	0.887371743951427	0.262518163060581	0
0	1.64407411983165e-08	3.29081536234262e-08	3.1128374011997e-08	-1.64407411983165e-08	8.27180612553028e-25	0.369954147108195	0.00475210541135752	-3.29081536234262e-08	-0.369954147108195	0	0.66015588233875	-3.1128374011997e-08	-0.00475210541135752	-0.66015588233875	-4.33680868994202e-19
0	0.0731949854499253	-0.0701542721794809	-0.496372586259634	-0.0731949854499253	1.38777878078145e-17	0.13385371961763	0.340301367774512	0.0701542721794809	-0.13385371961763	-4.16333634234434e-17	-0.288755454852458	0.496372586259634	-0.340301367774512	0.288755454852458	0
0	0.205216884115025	-0.120612129596015	0.160999115981413	-0.205216884115025	0	-0.287041253049562	-0.0469564728616341	0.120612129596015	0.287041253049562	0	0.0719726054692556	-0.160999115981413	0.0469564728616341	-0.0719726054692556	-3.46944695195361e-17
0	0.865393410747741	0.509275679734511	0.335714926742313	-0.865393410747741	-6.93889390390723e-18	0.136614896638374	0.564044157801701	-0.509275679734511	-0.136614896638374	0	0.27893709198083	-0.335714926742313	-0.564044157801701	-0.27893709198083	5.55111512312578e-17
0	-0.6738603462	3.77e-08	-0.0279584795	0.6738603462	0	0	0.6246222722	-3.77e-08	-0	0	-4.52e-08	0.0279584795	-0.6246222722	4.52e-08	0
0	-0.2682890206	-0.0982285367	0.4796543676	0.2682890206	0	0.1237185153	-0.5653255407	0.0982285367	-0.1237185153	-0	-0.5563254005	-0.4796543676	0.5653255407	0.5563254005	0
-0	0.2158010858	-0.018409422	-0.4215296008	-0.2158010858	0	0.7259965134	-0.6091183566	0.018409422	-0.7259965134	0	0.4421207891	0.4215296008	0.6091183566	-0.4421207891	0
0	-0.1988305297	-0.1133308192	0.5035414747	0.1988305297	-0	0.4241059612	-0.6505014403	0.1133308192	-0.4241059612	-0	0.1164672658	-0.5035414747	0.6505014403	-0.1164672658	0
-0	-0.4071980137	-0.5372485317	0.1826858055	0.4071980137	0	-0.1084947171	-0.2042212762	0.5372485317	0.1084947171	-0	-0.1542891136	-0.1826858055	0.2042212762	0.1542891136	0
0	-0.9591637828	0.1951041859	-0.1655916589	0.9591637828	0	0.2739536314	-0.5739267677	-0.1951041859	-0.2739536314	0	0.0694470217	0.1655916589	0.5739267677	-0.0694470217	0
0	0.3281443781	0.2689414099	0.7706064927	-0.3281443781	-0	0.4357047995	1.1443189249	-0.2689414099	-0.4357047995	-0	-0.1806848804	-0.7706064927	-1.1443189249	0.1806848804	-0
0	-0.1924669557	-0.0948007949	0.3217079104	0.1924669557	0	-0.55885137	2.1252699242	0.0948007949	0.55885137	0	0.1126969046	-0.3217079104	-2.1252699242	-0.1126969046	0
0	-0.3115367593	-0.8135761628	-0.4832024923	0.3115367593	-0	0.065554166	0.2049962494	0.8135761628	-0.065554166	0	0.4336700711	0.4832024923	-0.2049962494	-0.4336700711	0
0	-0.1905322014	0.0631994749	-0.4961275276	0.1905322014	0	0.2974963054	-0.3046603558	-0.0631994749	-0.2974963054	0	0.2426883899	0.4961275276	0.3046603558	-0.2426883899	0
-0	0.298991915	-0.6285419834	-0.9416192499	-0.298991915	0	-0.2948269249	-0.5126254586	0.6285419834	0.2948269249	0	0.4418584311	0.9416192499	0.5126254586	-0.4418584311	0
0	-0.2379223747	0.1796691464	0.265660312	0.2379223747	-0	-0.7855196559	-0.3954720515	-0.1796691464	0.7855196559	0	-0.8235843243	-0.265660312	0.3954720515	0.8235843243	0
0	-0.4082087827	-0.0354989221	-0.789664531	0.4082087827	0	0.1336264666	-0.2970923932	0.0354989221	-0.1336264666	0	-0.2843312855	0.789664531	0.2970923932	0.2843312855	0
0	-1.28e-08	1.59e-08	1.85e-08	1.28e-08	-0	0.3235004731	0.6763845551	-1.59e-08	-0.3235004731	-0	0.3921964832	-1.85e-08	-0.6763845551	-0.3921964832	0
-0	-0.2494318272	0.6310926518	0.1147377109	0.2494318272	0	-0.0747953023	0.3808494547	-0.6310926518	0.0747953023	-0	0.4086079938	-0.1147377109	-0.3808494547	-0.4086079938	0
0	0.4524863438	-0.5641667281	-0.4964668258	-0.4524863438	0	0.6742405501	0.3441218138	0.5641667281	-0.6742405501	0	-0.7140556788	0.4964668258	-0.3441218138	0.7140556788	0
0	0.6797616433	0.5236892266	3.3220208836	-0.6797616433	0	-0.1213594273	-0.0350520651	-0.5236892266	0.1213594273	0	0.5660840305	-3.3220208836	0.0350520651	-0.5660840305	0
0	0.0171362633	0.020192279	0.040854226	-0.0171362633	0	-0.0605270785	-0.8157497933	-0.020192279	0.0605270785	0	-0.5227853935	-0.040854226	0.8157497933	0.5227853935	0
0	-2.59e-08	-1.72e-08	-4.28e-08	2.59e-08	0	0.6318327998	-0.4685305931	1.72e-08	-0.6318327998	-0	-0.192611632	4.28e-08	0.4685305931	0.192611632	0
0	0.6905290922	0.6079708824	0.4947014151	-0.6905290922	0	-0.2003259245	0.0912925907	-0.6079708824	0.2003259245	0	0.2238931296	-0.4947014151	-0.0912925907	-0.2238931296	-0
0	-0.5968617576	-0.1546472387	-0.1275946383	0.5968617576	-0	0.4089911663	-0.2329800453	0.1546472387	-0.4089911663	0	-0.2150376864	0.1275946383	0.2329800453	0.2150376864	0
0	0.1974847739	-0.5224674081	0.7851284944	-0.1974847739	0	-0.388871257	0.7295163149	0.5224674081	0.388871257	0	0.5137633603	-0.7851284944	-0.7295163149	-0.5137633603	0
0	-0.3931202615	0.3858284886	-0.1627209157	0.3931202615	-0	-0.1666698913	0.1587807347	-0.3858284886	0.1666698913	0	-0.4620180047	0.1627209157	-0.1587807347	0.4620180047	0
0	-0.3465587742	-0.4740115174	-0.5613863969	0.3465587742	0	0.1099809121	-0.2792771118	0.4740115174	-0.1099809121	0	-0.560142693	0.5613863969	0.2792771118	0.560142693	0
0	0.5099230036	-2.17e-08	0.6644260361	-0.5099230036	0	1.09e-08	-0.2515108268	2.17e-08	-1.09e-08	0	-1.05e-08	-0.6644260361	0.2515108268	1.05e-08	0
0	0.7207108474	0.3598855136	0.507897348	-0.7207108474	0	-0.1520326316	0.1893862795	-0.3598855136	0.1520326316	-0	0.201709664	-0.507897348	-0.1893862795	-0.201709664	0
0	0.3809418678	-0.0940344264	-0.2502574034	-0.3809418678	0	0.3002164674	0.5967830639	0.0940344264	-0.3002164674	0	-0.1248769173	0.2502574034	-0.5967830639	0.1248769173	0
0	-0.3454636997	-0.5528106238	0.3591965417	0.3454636997	-0	-0.3885627403	-1.2648600133	0.5528106238	0.3885627403	0	0.0870481454	-0.3591965417	1.2648600133	-0.0870481454	0
-0	-1.0603824358	-0.4892627558	0.0329298372	1.0603824358	0	0.4192039462	-0.5142906336	0.4892627558	-0.4192039462	0	-0.4055936524	-0.0329298372	0.5142906336	0.4055936524	0
0	0.0639719044	0.0151686018	-0.001758986	-0.0639719044	0	0.4582864536	-0.1234154526	-0.0151686018	-0.4582864536	-0	-0.1148999473	0.001758986	0.1234154526	0.1148999473	-0
-0	0.1074072723	-0.4572094513	0.2792662254	-0.1074072723	0	-0.3277922843	0.1969030497	0.4572094513	0.3277922843	0	0.0141086381	-0.2792662254	-0.1969030497	-0.0141086381	-0
0	-0.131732511	-0.2749265044	0.3883824319	0.131732511	-0	-0.2076334008	0.6860014082	0.2749265044	0.2076334008	0	0.0614726832	-0.3883824319	-0.6860014082	-0.0614726832	-0
0	-0.3372812046	0.1216873329	-0.7521177007	0.3372812046	0	0.0773755151	-0.9332636006	-0.1216873329	-0.0773755151	-0	-0.5451666337	0.7521177007	0.9332636006	0.5451666337	-0
-0	0.3503885706	0.4367376484	-0.1264335279	-0.3503885706	0	0.2642823148	-0.0871595154	-0.4367376484	-0.2642823148	0	0.2973051397	0.1264335279	0.0871595154	-0.2973051397	0
0	0.7375912355	-0.1421394083	0.3937391228	-0.7375912355	0	-0.7656458185	-0.3364004353	0.1421394083	0.7656458185	0	0.4735420559	-0.3937391228	0.3364004353	-0.4735420559	0
0	0.2566020528	0.0102185441	-0.3576801696	-0.2566020528	0	0.4843272783	0.2690313012	-0.0102185441	-0.4843272783	-0	0.6858221449	0.3576801696	-0.2690313012	-0.6858221449	0
0	0.4146503348	-0.1429078175	0.2403940148	-0.4146503348	0	0.5933581971	-0.1900403268	0.1429078175	-0.5933581971	0	0.0586642076	-0.2403940148	0.1900403268	-0.0586642076	-0
0	0.2036471129	0.2169068595	0.0648591814	-0.2036471129	0	-0.0717049306	-0.2924646641	-0.2169068595	0.0717049306	0	-0.2886702565	-0.0648591814	0.2924646641	0.2886702565	0
0	-0.2018167514	0.1826028194	-0.0551598889	0.2018167514	0	0.7072574816	0.1885438355	-0.1826028194	-0.7072574816	-0	-0.3638988399	0.0551598889	-0.1885438355	0.3638988399	0
0	-9.8e-09	-7e-10	3.05e-08	9.8e-09	0	-0.2422240091	0.0398027401	7e-10	0.2422240091	0	0.1785457249	-3.05e-08	-0.0398027401	-0.1785457249	0
0	-0.2517934569	-0.5676249655	0.1520201983	0.2517934569	0	0.2193656901	-0.4137752838	0.5676249655	-0.2193656901	0	0.3874176435	-0.1520201983	0.4137752838	-0.3874176435	0
0	-0.0861346198	-0.0313988811	0.3009393167	0.0861346198	0	-0.4191064542	0.043282305	0.0313988811	0.4191064542	-0	-1.0726739274	-0.3009393167	-0.043282305	1.0726739274	-0
0	-0.7355219289	0.3650283873	-0.0348976382	0.7355219289	0	-0.2158748454	1.1655647615	-0.3650283873	0.2158748454	0	-0.5682097104	0.0348976382	-1.1655647615	0.5682097104	0
0	-0.1256956296	-0.0661553715	-0.2237837983	0.1256956296	0	0.0679185482	-0.1673694239	0.0661553715	-0.0679185482	-0	0.0342327	0.2237837983	0.1673694239	-0.0342327	0
0	-2.66e-08	0.3776847456	-0.2735688097	2.66e-08	0	-1.11e-08	2.04e-08	-0.3776847456	1.11e-08	0	-0.587341658	0.2735688097	-2.04e-08	0.587341658	0
0	-0.8103899776	-0.0842120418	0.1969368507	0.8103899776	0	0.4584411549	0.3676994496	0.0842120418	-0.4584411549	0	-0.1633022586	-0.1969368507	-0.3676994496	0.1633022586	-0
0	-0.1244311636	0.4040016593	-0.3939669133	0.1244311636	0	0.0705992714	-0.6879563971	-0.4040016593	-0.0705992714	0	-0.1322533484	0.3939669133	0.6879563971	0.1322533484	-0
0	0.399954929	-0.5152079511	0.1398248455	-0.399954929	0	-0.3335743342	-0.2848067083	0.5152079511	0.3335743342	0	0.4970278342	-0.1398248455	0.2848067083	-0.4970278342	0
0	0.8441862616	0.4648376657	-0.6012498647	-0.8441862616	0	0.5186484399	-0.1230381374	-0.4648376657	-0.5186484399	0	0.1236127513	0.6012498647	0.1230381374	-0.1236127513	0
0	0.5676113095	0.5235426677	-0.0180937559	-0.5676113095	0	-0.3932580256	-0.4575518319	-0.5235426677	0.3932580256	0	0.2235037706	0.0180937559	0.4575518319	-0.2235037706	-0
-0	-0.3456380107	-0.7309357286	-0.0502479339	0.3456380107	-0	0.57169906	-0.5028799147	0.7309357286	-0.57169906	0	0.2147876023	0.0502479339	0.5028799147	-0.2147876023	0
0	-4.34e-08	-0.8526799912	1.1412315466	4.34e-08	0	3.78e-08	-1.14e-08	0.8526799912	-3.78e-08	0	0.9040282482	-1.1412315466	1.14e-08	-0.9040282482	0
0	-0.7516463843	0.153676746	0.7230343838	0.7516463843	0	0.2201696265	-0.0382955872	-0.153676746	-0.2201696265	-0	0.3916913979	-0.7230343838	0.0382955872	-0.3916913979	-0
0	-0.7733211829	-0.5656050359	-0.4902555434	0.7733211829	-0	-0.3005233006	0.4236660569	0.5656050359	0.3005233006	0	0.1855416771	0.4902555434	-0.4236660569	-0.1855416771	0
0	0.6177164824	0.3176544004	0.5200498238	-0.6177164824	-0	0.0110516651	0.3854685236	-0.3176544004	-0.0110516651	0	0.138631349	-0.5200498238	-0.3854685236	-0.138631349	0
0	-0.4425335175	-0.7235194931	-0.193004895	0.4425335175	0	-0.5494664544	0.2463025472	0.7235194931	0.5494664544	0	0.7716933484	0.193004895	-0.2463025472	-0.7716933484	0
0	-0.1991554241	0.4413988556	-0.0333589984	0.1991554241	0	-0.7527609993	0.1103599988	-0.4413988556	0.7527609993	0	-0.1185076854	0.0333589984	-0.1103599988	0.1185076854	0
0	0.486893377	-0.0759173774	-0.2565230856	-0.486893377	0	-0.0590477725	0.3100579069	0.0759173774	0.0590477725	-0	-0.0200691834	0.2565230856	-0.3100579069	0.0200691834	-0
0	0.3249370961	-0.7323267817	-0.0104409867	-0.3249370961	0	-0.2143565745	1.4354030011	0.7323267817	0.2143565745	0	-0.1187169385	0.0104409867	-1.4354030011	0.1187169385	0
0	0.3075514814	0.4726204529	0.7599333134	-0.3075514814	0	0.3287253202	0.3613657607	-0.4726204529	-0.3287253202	-0	-0.390324329	-0.7599333134	-0.3613657607	0.390324329	0
0	-0.2162469289	-0.6640529125	-0.1244559209	0.2162469289	0	1.5595894788	0.1814274792	0.6640529125	-1.5595894788	0	-0.3404566134	0.1244559209	-0.1814274792	0.3404566134	0
0	0.0787590237	0.5685173621	0.4725333264	-0.0787590237	0	0.5513424392	0.388931379	-0.5685173621	-0.5513424392	0	0.024587754	-0.4725333264	-0.388931379	-0.024587754	-0
0	-0.2687693554	-0.1744691156	-0.1679580201	0.2687693554	0	-0.0962869736	0.2591918881	0.1744691156	0.0962869736	0	0.346129458	0.1679580201	-0.2591918881	-0.346129458	0
0	-0.2268264852	0.5645165925	-0.1366724446	0.2268264852	0	-0.3398744328	-0.2435565344	-0.5645165925	0.3398744328	0	0.3424653783	0.1366724446	0.2435565344	-0.3424653783	-0
0	0.397798285	0.5287724628	0.3559316065	-0.397798285	0	-0.7638798676	-0.3428816331	-0.5287724628	0.7638798676	0	0.2277100136	-0.3559316065	0.3428816331	-0.2277100136	-0
0	0.5488833569	-0.5345186944	0.3128795955	-0.5488833569	0	0.1963071121	-0.1240548651	0.5345186944	-0.1963071121	0	0.0089074539	-0.3128795955	0.1240548651	-0.0089074539	0
0	0.3011251188	-0.6168624115	-0.2613841068	-0.3011251188	0	0.3593303261	0.0588463137	0.6168624115	-0.3593303261	0	0.1913595159	0.2613841068	-0.0588463137	-0.1913595159	-0
0	-3.06e-08	-2e-09	9e-09	3.06e-08	0	0.0222230228	0.4349587101	2e-09	-0.0222230228	0	0.0105556067	-9e-09	-0.4349587101	-0.0105556067	0
0	4.3e-09	4.52e-08	1.18e-08	-4.3e-09	0	-1.1956117603	0.4626403857	-4.52e-08	1.1956117603	-0	-0.1358568338	-1.18e-08	-0.4626403857	0.1358568338	0
0	0.3553301237	-0.7273320742	0.222468083	-0.3553301237	-0	-0.562984959	0.2514638488	0.7273320742	0.562984959	0	0.207999633	-0.222468083	-0.2514638488	-0.207999633	0
0	-0.1816055697	0.0777631507	0.4307265175	0.1816055697	0	-0.3742608889	-0.376635911	-0.0777631507	0.3742608889	0	-0.179914265	-0.4307265175	0.376635911	0.179914265	0
0	0.5660496155	0.0970258438	0.0490790441	-0.5660496155	0	-0.2825306	0.3485248927	-0.0970258438	0.2825306	0	0.3502605737	-0.0490790441	-0.3485248927	-0.3502605737	0
0	0.5533177775	0.3008693228	-0.8493234165	-0.5533177775	0	-0.091864748	0.3520514984	-0.3008693228	0.091864748	0	0.0504205616	0.8493234165	-0.3520514984	-0.0504205616	0
0	-1.88e-08	-1.2e-09	7.5e-09	1.88e-08	0	-0.033905093	-0.0632680992	1.2e-09	0.033905093	0	0.298158637	-7.5e-09	0.0632680992	-0.298158637	0
0	0.2315310381	-0.2502132681	-0.2792543565	-0.2315310381	0	-0.1325724668	-0.0365856778	0.2502132681	0.1325724668	0	-0.1203606278	0.2792543565	0.0365856778	0.1203606278	0
1.18789804343094e-18	0.0663732065222346	-0.0267827700717232	-0.0130004696181829	-0.0663732065222346	9.46757584961664e-19	-0.0145101970202421	0.01768279483953	0.0267827700717232	0.0145101970202421	-3.55946093041298e-18	0.0409691609544273	0.0130004696181829	-0.01768279483953	-0.0409691609544273	1.42480530202037e-18
-5.06034235764162e-18	0.161038460366706	0.150116187915258	-0.21575709838548	-0.161038460366706	1.04016857577289e-17	0.187702971546623	-0.0644728380433539	-0.150116187915258	-0.187702971546623	8.60880034158426e-18	0.191381832326556	0.21575709838548	0.0644728380433538	-0.191381832326556	-1.39501437416715e-17
2.00061881251485e-18	-0.0254999229983238	0.0765777180023263	0.0860231034462752	0.0254999229983238	-3.20863944789381e-19	0.00747243561071552	0.098678091881593	-0.0765777180023263	-0.00747243561071552	-1.03676619893809e-18	-0.10894792562572	-0.0860231034462752	-0.098678091881593	0.10894792562572	-6.42988668787375e-19
0	1.21410496790993e-09	3.61390964490268e-09	1.43155412840558e-08	-1.21410496790993e-09	0	8.87185078722944e-09	-0.117138183270775	-3.61390964490268e-09	-8.87185078722944e-09	0	-9.20498127687177e-09	-1.43155412840558e-08	0.117138183270775	9.20498127687176e-09	0
-6.11889425098303e-19	-0.0673981966097497	-0.0480762866970606	-0.0812813334634897	0.0673981966097497	-2.59845457150662e-19	-0.084430218361343	-0.0561664716358934	0.0480762866970606	0.084430218361343	-4.305561919479e-19	0.0617572182514946	0.0812813334634897	0.0561664716358934	-0.0617572182514946	1.30229107419686e-18
1.16858437953832e-18	-0.073735552519344	0.0997871468075	0.00631555091750369	0.073735552519344	1.76290280765802e-18	-0.0646402814210981	0.0121838821854629	-0.0997871468075	0.0646402814210981	9.999255002178e-18	-0.0220251212731497	-0.00631555091750369	-0.0121838821854629	0.0220251212731498	-1.29307421893743e-17
8.39531240571843e-18	-0.161189766820086	0.0582705118951108	-0.0779538924490216	0.161189766820086	8.60056295047972e-18	-0.0289294474790207	0.0423105617796831	-0.0582705118951108	0.0289294474790207	-2.64865202387446e-17	-0.0354971129619207	0.0779538924490216	-0.0423105617796831	0.0354971129619206	9.49064488254648e-18
-4.70425005749724e-19	-0.233506793031691	-0.0181721034305614	0.1112887921106	0.233506793031691	-4.69612833049318e-19	0.201233157759332	-0.0114799522884738	0.0181721034305614	-0.201233157759332	1.25012516958897e-18	-0.0256227547780243	-0.1112887921106	0.0114799522884738	0.0256227547780243	-3.10087330789929e-19
0	-0.0272746335500367	-0.0594173181324697	0.176969537806421	0.0272746335500367	0	0.0978533692384677	-0.170621637583704	0.0594173181324697	-0.0978533692384677	0	0.26321834115141	-0.176969537806421	0.170621637583704	-0.26321834115141	0
-1.36795154182228e-25	-2.12074654886788e-09	-6.17687398906011e-09	5.14201307656651e-09	2.12074654886788e-09	-5.13193879363868e-18	0.157105775084521	-0.257075876893857	6.17687398906011e-09	-0.157105775084521	-3.36752431202788e-18	-0.0115156871543952	-5.14201307656651e-09	0.257075876893857	0.0115156871543952	8.49946324246172e-18
3.12451287601435e-18	-0.0777305782995502	0.0384219330571255	-0.00364011008641068	0.0777305782995502	2.91716224355784e-18	0.0739016926783608	-0.0640126256889328	-0.0384219330571255	-0.0739016926783608	-8.33420627991809e-18	-0.0725127055154396	0.00364011008641068	0.0640126256889328	0.0725127055154396	2.2925311603459e-18
-1.40847555407779e-18	-0.126732712322228	0.24108689017598	0.121791572538378	0.126732712322228	2.34091733291109e-18	0.0277249799396226	0.0108868658044939	-0.24108689017598	-0.0277249799396226	-5.27702933510508e-19	-0.0997432792363414	-0.121791572538378	-0.0108868658044939	0.0997432792363414	-4.04738845322793e-19
-4.17914649297839e-18	-0.0542950632845904	0.138769100609253	-0.0742303518693318	0.0542950632845904	-5.28604110850274e-18	0.0536583736943117	0.115274384120684	-0.138769100609253	-0.0536583736943117	-3.49112479795156e-18	0.101836770394852	0.0742303518693318	-0.115274384120684	-0.101836770394852	1.29563123994327e-17
6.36443705334769e-25	3.00058883178437e-09	-1.00947812033413e-08	3.01526425646693e-09	-3.00058883178437e-09	1.08923424999396e-17	0.151517470215456	0.0750858853342228	1.00947812033413e-08	-0.151517470215456	-2.90422547720862e-17	0.235284886579292	-3.01526425646693e-09	-0.0750858853342228	-0.235284886579292	1.81499116357028e-17
2.08655585267094e-18	0.128209340541167	0.157345186409079	0.0963359466291359	-0.128209340541167	2.48647577865122e-18	-0.127803941944898	-0.0342243911723621	-0.157345186409079	0.127803941944898	4.94544079145066e-18	-0.010449808589907	-0.0963359466291359	0.0342243911723621	0.010449808589907	-9.51847242277281e-18
1.34058303429359e-17	0.0649968013622908	-0.172989277611646	-0.0876996402269976	-0.0649968013622908	-1.56254452419074e-18	-0.0285882251040188	-0.121914404839648	0.172989277611646	0.0285882251040188	-1.07666835899173e-17	0.041930140168571	0.0876996402269976	0.121914404839648	-0.041930140168571	-1.07660222882786e-18
0	-0.119367022039688	0.0403750983673434	-0.0995746097371822	0.119367022039688	0	-0.0267133230665731	0.0773145054631019	-0.0403750983673434	0.0267133230665731	0	0.0299188188150874	0.0995746097371822	-0.0773145054631019	-0.0299188188150874	0
-8.78663266838553e-19	-0.161074963810787	-0.149861613201303	-0.102400085476346	0.161074963810787	-8.96730838895872e-19	-7.49569305825435e-05	0.0568448677324547	0.149861613201303	7.49569305825573e-05	3.98305227871709e-18	-0.0838615522458732	0.102400085476346	-0.0568448677324547	0.0838615522458732	-2.20765817298267e-18
1.00528579846859e-17	0.198431234897916	-0.143028949957009	0.0471520866918692	-0.198431234897916	-2.93891465285569e-18	0.104434938005962	0.211705867639636	0.143028949957009	-0.104434938005962	-2.33159117111392e-18	-0.177413557668857	-0.0471520866918692	-0.211705867639636	0.177413557668857	-4.78235216071634e-18
-5.79289137175553e-18	0.0280320670358051	-0.192706346499163	0.039936719947134	-0.0280320670358051	-2.22220187768042e-18	0.238909226452337	-0.0795353466290431	0.192706346499163	-0.238909226452337	9.33575606884973e-18	0.206396301166586	-0.039936719947134	0.0795353466290431	-0.206396301166586	-1.32066281941378e-18
3.60723490926503e-19	0.0387160936248875	-0.0969663244546762	0.0156115674687002	-0.0387160936248875	7.88234902406206e-19	0.0545357711113907	-0.295621090181822	0.0969663244546762	-0.0545357711113907	5.10112240992225e-19	-0.0401112160213942	-0.0156115674687002	0.295621090181822	0.0401112160213942	-1.65907063432494e-18
3.37204424339785e-19	0.115579915619648	-0.137596929973407	-0.106089773854739	-0.115579915619648	7.5126445377352e-19	-0.202445544829052	-0.128756327339813	0.137596929973407	0.202445544829052	-4.27968270808686e-18	-0.0325396112142525	0.106089773854739	0.128756327339813	0.0325396112142526	3.19121382997355e-18
-1.43322495018039e-19	-0.0507743094243864	0.00857723543018591	0.0892661291495701	0.0507743094243864	1.25689486153197e-18	-0.310217549271763	0.0172605610455022	-0.00857723543018591	0.310217549271763	-6.72095094578407e-19	0.032617841346111	-0.0892661291495701	-0.0172605610455022	-0.032617841346111	-4.41477271935527e-19
-1.1296948225519e-17	-0.0188041491131944	0.171001082618733	0.0123124565869297	0.0188041491131944	1.44584696399653e-18	-0.12655970018885	0.0585421596584197	-0.171001082618733	0.12655970018885	5.19672951150541e-18	0.217540386463746	-0.0123124565869297	-0.0585421596584197	-0.217540386463746	4.65437175001703e-18
3.00604350998757e-19	-0.0801788884828117	-0.0390527454790899	0.112811272079812	0.0801788884828117	-3.04232211666032e-18	-0.00839190319505234	0.0586405680532291	0.0390527454790899	0.00839190319505234	3.04259336066301e-19	-0.0507109093332633	-0.112811272079812	-0.058640568053229	0.0507109093332633	2.43745842959526e-18
0	-0.122928949644374	0.0728718077356111	0.0890849160630872	0.122928949644374	2.44693315383557e-18	0.186764985484815	0.0580055879924692	-0.0728718077356111	-0.186764985484815	-2.44693315383557e-18	0.00203782595496279	-0.0890849160630872	-0.0580055879924692	-0.00203782595496279	0
1.82599379828031e-18	0.112345296524872	0.171684662080067	0.0757041614266353	-0.112345296524872	-4.45593769272495e-18	0.277509846214142	0.136335109643102	-0.171684662080067	-0.277509846214142	3.27260463767999e-18	0.0121561669734242	-0.0757041614266353	-0.136335109643102	-0.0121561669734242	-6.42660743235353e-19
-7.28319771255697e-19	0.0727800934347129	-0.108281826256308	-0.0559212209067214	-0.0727800934347129	-2.00776862705161e-18	-0.152324247993954	-0.159507952743515	0.108281826256308	0.152324247993954	5.28298771449345e-18	-0.00803469975601232	0.0559212209067214	0.159507952743515	0.0080346997560123	-2.54689931618614e-18
2.17419401731658e-25	1.04428586011261e-08	-1.2526509960609e-08	8.09404663282456e-09	-1.04428586011261e-08	-5.34716698760345e-18	-0.342347063524828	-0.14732906255699	1.2526509960609e-08	0.342347063524828	3.01080027573114e-18	0.162297136405566	-8.09404663282456e-09	0.14732906255699	-0.162297136405566	2.33636649445291e-18
8.86835244169517e-18	0.0368574836411673	0.0668711430818534	-0.205853885709814	-0.0368574836411673	-3.64598896056675e-18	-0.0726799554759125	-0.0231537239006249	-0.0668711430818534	0.0726799554759125	-1.36703555005423e-18	0.245935542957625	0.205853885709814	0.0231537239006249	-0.245935542957625	-3.85532793107419e-18
2.05005873059162e-18	0.00273027148227977	-0.183434125787342	0.105910719769616	-0.00273027148227977	-1.51493560120793e-18	-0.0732662574122196	0.0940618703154306	0.183434125787342	0.0732662574122196	2.91525790266725e-18	0.142624997336497	-0.105910719769616	-0.0940618703154306	-0.142624997336497	-3.45038103205095e-18
-7.85277742800526e-18	-0.0764466189805846	-0.0169846088003698	0.0762219072973177	0.0764466189805846	8.82414973768431e-19	-0.0229015720549788	0.114659446463126	0.0169846088003698	0.0229015720549788	4.0868988786626e-18	-0.124133080495274	-0.0762219072973177	-0.114659446463126	0.124133080495274	2.88346357557423e-18
4.06057096605153e-18	-0.0547642183697864	0.0915077509841579	-0.0108894945085989	0.0547642183697864	-1.11149835417327e-18	-0.276749145899948	0.16548475468802	-0.0915077509841579	0.276749145899948	-1.63660377126033e-18	-0.221485456314526	0.0108894945085989	-0.16548475468802	0.221485456314526	-1.31246884061793e-18
-3.25791308329681e-18	-0.141090927603176	-0.110009142934787	-0.183651843002172	0.141090927603176	6.13172406513594e-18	0.119757947607169	0.0358770968885782	0.110009142934787	-0.119757947607169	3.48228095951211e-18	-0.108107790820695	0.183651843002172	-0.0358770968885782	0.108107790820695	-6.35609194135123e-18
5.43782598666771e-18	0.138755839613849	-0.0985597845343017	-0.117152296957903	-0.138755839613849	4.55306749959271e-18	0.113919183091976	0.136906487926062	0.0985597845343017	-0.113919183091976	-3.80841534571162e-18	0.0695149780984462	0.117152296957903	-0.136906487926062	-0.0695149780984462	-6.18247814054879e-18
-4.01139875237764e-18	0.0993125156499648	0.17319376739113	-0.133514354227248	-0.0993125156499648	5.21413399061876e-18	0.0430198787265189	-0.034579160203205	-0.17319376739113	-0.0430198787265189	-5.29468779044492e-20	0.0963426339024367	0.133514354227248	0.034579160203205	-0.0963426339024367	-1.14978836033667e-18
3.48264270793882e-19	0.119672295367919	-0.0772055917666027	-0.106325415037681	-0.119672295367919	2.02344596661584e-18	0.0856454345026571	0.122561336510302	0.0772055917666027	-0.0856454345026571	-4.66661838174302e-18	0.0793533428508741	0.106325415037681	-0.122561336510302	-0.0793533428508741	2.2949081443333e-18
0	-6.33607813186489e-09	-1.49705880755688e-09	7.5544610916199e-09	6.33607813186489e-09	0	-0.0794935687144316	-0.13423284943119	1.49705880755688e-09	0.0794935687144316	0	-0.0961899035837045	-7.5544610916199e-09	0.13423284943119	0.0961899035837045	0
-7.3539002010144e-19	0.0117615303869305	0.0718750269543188	-0.0679841064708204	-0.0117615303869305	-2.27916440827926e-19	-0.120602546387211	0.0551372879736734	-0.0718750269543188	0.120602546387211	1.19097474975511e-18	0.122148529906819	0.0679841064708204	-0.0551372879736734	-0.122148529906819	-2.27668288825746e-19
-3.97109858104172e-18	0.106584388118795	0.0732132726220307	0.0079815752244158	-0.106584388118795	-3.37580736674537e-18	-0.0458078576205247	-0.143746471129446	-0.0732132726220307	0.0458078576205247	1.2762747622674e-17	-0.154458894729404	-0.00798157522441581	0.143746471129446	0.154458894729404	-5.41584167488693e-18
4.49278991382044e-19	0.25351556831481	0.0281974499837796	0.0365002617580128	-0.25351556831481	7.39750593130964e-19	-0.0352956791354204	-0.0380599124373719	-0.0281974499837796	0.0352956791354205	2.28135952479656e-18	-0.0607569484288059	-0.0365002617580128	0.0380599124373719	0.0607569484288059	-3.47038910930957e-18
8.05042478983085e-19	-0.129344465612102	0.23660219245129	0.0805221493195957	0.129344465612102	1.23295787184745e-18	0.139171192984121	0.1883878953438	-0.23660219245129	-0.139171192984121	-2.91640698423426e-18	-0.257967171399587	-0.0805221493195957	-0.1883878953438	0.257967171399587	8.78406633403724e-19
6.3890014163495e-18	-0.051092350137183	-0.0738431101701147	-0.0471730362203483	0.051092350137183	9.83613771510833e-18	0.110668510193825	0.159169551839728	0.0738431101701146	-0.110668510193825	-3.03130824869847e-17	-0.139756343126605	0.0471730362203483	-0.159169551839728	0.139756343126605	1.40879433555268e-17
-6.40568153423549e-19	0.0622020984144218	-0.0195542948106376	0.0128033041013862	-0.0622020984144218	-9.66102050697552e-19	0.056379200984348	0.0680763906313125	0.0195542948106376	-0.056379200984348	-5.30567606220016e-19	-0.00359393332972088	-0.0128033041013862	-0.0680763906313125	0.00359393332972089	2.13723781034112e-18
3.63516182472803e-18	-0.0185597429599726	-0.0123612821404923	-0.190458784618094	0.0185597429599726	-7.05461322643004e-19	0.160182973999024	-0.0702556421128991	0.0123612821404923	-0.160182973999024	-2.01178984331594e-18	0.189540078115192	0.190458784618094	0.0702556421128991	-0.189540078115192	-9.17910658769087e-19
-4.01973609061698e-19	-0.102014171178153	-0.112512959957468	-0.00266291867596115	0.102014171178153	-3.82280159849453e-19	0.00886208186463398	0.0407477297285627	0.112512959957468	-0.00886208186463398	-1.32535962774256e-18	0.0447099347891837	0.00266291867596115	-0.0407477297285627	-0.0447099347891837	2.10961339665371e-18
2.9971102757964e-18	0.0457177764682204	-0.0674342593262342	-0.0190848936811086	-0.0457177764682204	1.55662458250119e-17	-0.0383495592134025	-0.204127585711487	0.0674342593262342	0.0383495592134025	3.38299619766165e-18	-0.00438670987346095	0.0190848936811086	0.204127585711487	0.00438670987346096	-2.194635229847e-17
0	8.83612976057563e-09	0.157168984392323	0.108670604632725	-8.83612976057563e-09	0	2.15386999525568e-10	1.09093989477377e-08	-0.157168984392323	-2.15386999525568e-10	0	-0.0785097194316193	-0.108670604632725	-1.09093989477377e-08	0.0785097194316193	0
-3.48192526833751e-18	-0.0302977212751507	0.0455648418348893	-0.0673937449494796	0.0302977212751507	1.31746520561603e-18	0.158255573420715	-0.0202250129790667	-0.0455648418348893	-0.158255573420715	1.53923054905333e-18	0.137834146738754	0.0673937449494796	0.0202250129790667	-0.137834146738754	6.25229513668146e-19
0	-2.21065188384381e-08	7.22484500680168e-09	2.29390530920848e-08	2.21065188384381e-08	0	-0.227850767711271	-0.202417334063245	-7.22484500680168e-09	0.227850767711271	0	-0.0671680496667688	-2.29390530920848e-08	0.202417334063245	0.0671680496667688	0
-1.07209997846581e-18	-0.205913866422027	-0.156670178075494	0.00723073915262135	0.205913866422027	1.2250023854453e-18	0.262466328833223	-0.151861223343527	0.156670178075494	-0.262466328833223	-1.27711066603248e-18	-0.0385222996665878	-0.00723073915262135	0.151861223343527	0.0385222996665878	1.12420825905299e-18
1.82791932057169e-18	0.283206527169842	0.0831552767397906	-2.31841626647134e-09	-0.283206527169842	-4.54548638344894e-18	-0.0503248796327603	3.06058630382355e-09	-0.0831552767397906	0.0503248796327602	2.71756697354926e-18	-3.49513714167135e-09	2.31841626647134e-09	-3.06058630382355e-09	3.49513714167135e-09	8.93279782431399e-26
0	0.158319547534198	-0.138287639372305	-0.110253623237971	-0.158319547534198	0	-0.0537381507832212	0.0254296871771707	0.138287639372305	0.0537381507832212	0	-0.0928506543929046	0.110253623237971	-0.0254296871771707	0.0928506543929046	0
6.11876612240138e-19	0.0849756988991735	-0.0229497698445665	-0.03960277960928	-0.0849756988991735	2.47449409182818e-18	-0.0413821738899532	0.157593001587261	0.0229497698445665	0.0413821738899532	7.06158849530496e-19	-0.0843316746723245	0.03960277960928	-0.157593001587261	0.0843316746723245	-3.79252955359881e-18
8.15328286797513e-18	0.0828679238426708	-0.0494474379464276	-0.0259987384620262	-0.0828679238426708	-1.30514921323358e-18	0.237043058184413	-0.12926643759109	0.0494474379464276	-0.237043058184413	-4.28962889825103e-18	0.151502669190055	0.0259987384620262	0.12926643759109	-0.151502669190055	-2.55850475649053e-18
-1.60101438586519e-18	-0.133485071887332	-0.163604260391654	-7.15479255945025e-09	0.133485071887332	-2.26965946987454e-18	0.341572605445681	7.57540853439006e-09	0.163604260391654	-0.341572605445681	3.87067391864575e-18	-5.03693678903269e-09	7.15479255945025e-09	-7.57540853439006e-09	5.03693678903269e-09	-6.29060141585898e-26
3.44730078374327e-18	-0.207211856102246	0.08146515542382	-0.176556713817244	0.207211856102246	3.01074297831019e-18	-0.205805455081443	-0.165999665806576	-0.08146515542382	0.205805455081443	2.49798984594081e-18	0.159882668811738	0.176556713817244	0.165999665806576	-0.159882668811738	-8.95603360799427e-18
4.80945473875456e-18	0.0886107750091909	-0.0412221427304364	0.120204466939345	-0.0886107750091909	2.74494028442739e-18	0.064655500833278	-0.204629949571644	0.0412221427304364	-0.064655500833278	2.38572662403911e-18	0.0074867319486579	-0.120204466939345	0.204629949571644	-0.00748673194865791	-9.94012164722107e-18
0	0.121442525922079	-0.116336053510465	-0.199633750341359	-0.121442525922079	-6.89019673748494e-18	-0.158870017470341	-0.200679360759196	0.116336053510465	0.158870017470341	0	-0.0689179617579633	0.199633750341359	0.200679360759196	0.0689179617579633	6.89019673748494e-18
0	0.028054905546247	0.0837767005639322	-0.0879984213028694	-0.028054905546247	0	0.0316720452325219	-0.160650435739681	-0.0837767005639322	-0.0316720452325219	0	0.0156657651652411	0.0879984213028694	0.160650435739681	-0.0156657651652411	0
1.02334090413153e-18	-0.0118222366551211	-0.133735376264872	-0.00388363213424213	0.0118222366551211	-3.75348762607739e-17	-0.0241359374833182	-0.121988256709716	0.133735376264872	0.0241359374833182	7.67824468465952e-19	-0.0338390644108728	0.00388363213424213	0.121988256709716	0.0338390644108728	3.57437108881764e-17
-9.70365657363759e-19	0.0656721104460258	-0.109601263569047	-0.0783982287019139	-0.0656721104460258	-1.76289856963112e-18	0.0240754489206103	-0.156415033621686	0.109601263569047	-0.0240754489206103	9.07505514742102e-18	0.184388020972293	0.0783982287019139	0.156415033621686	-0.184388020972293	-6.34179092042615e-18
-5.90143847066933e-18	-0.143748482620413	0.0440421596584876	0.0320784717680714	0.143748482620413	6.71459318691436e-18	0.0691014906747293	-0.00612429701200496	-0.0440421596584876	-0.0691014906747293	-5.83033439226247e-19	0.0933789146244646	-0.0320784717680714	0.00612429701200496	-0.0933789146244646	-2.30121277018781e-19
2.14132622461592e-18	0.13300332511061	-0.130509472373533	0.105203562074866	-0.13300332511061	3.0845292270498e-18	0.0581609377046517	-0.0628743651338352	0.130509472373533	-0.0581609377046517	-3.37787490434784e-18	-0.105196082549613	-0.105203562074866	0.0628743651338352	0.105196082549613	-1.84798054731788e-18
-7.17223233076121e-33	-2.90975253040053e-09	-9.81385919318602e-10	5.36087600722273e-09	2.90975253040053e-09	4.54279983671423e-25	-0.149879439102211	0.180518430614135	9.81385919318602e-10	0.149879439102211	-1.70663684654325e-25	0.243002343752439	-5.36087600722273e-09	-0.180518430614135	-0.243002343752439	-2.83616291844865e-25
0	-0.11250732752252	0.0102824350566114	-0.0806604866559626	0.11250732752252	0	-0.0191082463013019	0.0984898585002932	-0.0102824350566114	0.0191082463013019	0	-0.138299860536436	0.0806604866559626	-0.0984898585002932	0.138299860536436	0
-2.80471100024836e-18	0.131520243832433	-0.132604958626112	-0.11016938834339	-0.131520243832433	-4.54162513906913e-18	0.201632755015728	0.09912544982283	0.132604958626112	-0.201632755015728	-1.61875088150364e-17	0.113890314792708	0.11016938834339	-0.09912544982283	-0.113890314792708	2.35338449543539e-17
-2.97994926132458e-18	-0.00371039745672097	-0.15657097027135	-0.152728279356413	0.00371039745672096	1.32734888438719e-18	-0.026769098635331	-0.117280112813642	0.15657097027135	0.0267690986353311	9.29594013379869e-18	-0.148174052188048	0.152728279356413	0.117280112813642	0.148174052188048	-7.64333975686129e-18
-1.77534307928609e-18	0.121752801860097	0.0833278344087581	-0.106587268670893	-0.121752801860097	4.93873074057816e-18	-0.134899312111268	0.08466858267604	-0.0833278344087581	0.134899312111268	-1.87561010634743e-18	0.088276601170263	0.106587268670893	-0.08466858267604	-0.088276601170263	-1.28777755494465e-18
0	0.177486990088222	0.193379193838598	-0.128891652717515	-0.177486990088222	0	-0.0506993569910391	-0.122771254837519	-0.193379193838598	0.0506993569910391	0	-0.170582253714084	0.128891652717515	0.122771254837519	0.170582253714084	0
-5.76825611332104e-18	0.0744432076008498	-0.0297165103487794	-0.129640179098605	-0.0744432076008498	1.64325863667314e-17	0.0324865859414952	0.073537989627634	0.0297165103487794	-0.0324865859414952	-4.55682188689744e-18	-0.09466504707947	0.129640179098605	-0.073537989627634	0.09466504707947	-6.10750836651293e-18
-2.42491440737054e-25	-1.48013264850943e-09	-4.50663768825586e-09	-3.38165951039006e-09	1.48013264850943e-09	9.24170778096956e-18	0.0680511153618516	-0.115513630012127	4.50663768825586e-09	-0.0680511153618516	-5.75083597067356e-18	-0.188239179594516	3.38165951039006e-09	0.115513630012127	0.188239179594516	-3.49087156780455e-18
3.3743587709009e-25	-5.7702744262665e-09	-8.17493749768271e-09	7.02303712082797e-09	5.7702744262665e-09	1.01485119864991e-17	-0.051066517476489	-0.261222600001365	8.17493749768271e-09	0.051066517476489	-1.74168717533885e-17	-0.182369001800319	-7.02303712082797e-09	0.261222600001365	0.182369001800319	7.26835942945356e-18
5.6036008515825e-19	0.0435527645778962	-0.246407210578435	-0.124244715017877	-0.0435527645778962	-9.44443498702725e-19	-0.0267929635186359	0.125385047652052	0.246407210578435	0.0267929635186359	3.30596489962364e-18	-0.122603361872292	0.124244715017877	-0.125385047652052	0.122603361872292	-2.92188148607916e-18
1.08860551285687e-17	0.190648128310782	-0.0480873955019416	-0.118866091806858	-0.190648128310782	-3.87160421760899e-18	-0.19735502802655	0.091872326959842	0.0480873955019416	0.19735502802655	1.17523070589436e-17	-0.146220804037154	0.118866091806858	-0.091872326959842	0.146220804037154	-1.87667579699034e-17
