0.293438311238317	-0.114210444476033	-0.183866911460826	0.111698986435948	-0.114210444476033	0.111286959685108	0.123175309887456	-0.065802301814211	-0.183866911460826	0.123175309887456	0.23396851432161	0.0176907841681205	0.111698986435948	-0.065802301814211	0.0176907841681205	0.361306214754966
0.225699243073279	0.107387377804926	0.0378388209547532	-0.176498187266394	0.107387377804926	0.0776045383588589	0.0527200804906024	-0.0747491782664627	0.0378388209547532	0.0527200804906024	0.255002445901795	-0.0637749785264102	-0.176498187266394	-0.0747491782664627	-0.0637749785264102	0.441693772666067
0.19971270808555	0.104258698719482	-0.126372473758848	-0.0510118593645775	0.104258698719482	0.435203105082708	-0.104964495212309	0.220453391577495	-0.126372473758848	-0.104964495212309	0.120525071779003	0.0183954924862892	-0.0510118593645775	0.220453391577495	0.0183954924862892	0.244559115052739
0.379968268610218	0.0976401439279025	-0.303188327033286	-0.00348243543013046	0.0976401439279025	0.136774480984722	-0.0192756779308586	-0.1064575768239	-0.303188327033286	-0.0192756779308586	0.273514402126803	-0.0537294651471484	-0.00348243543013046	-0.1064575768239	-0.0537294651471484	0.209742848278257
0.229481652659911	-0.090286270051117	-0.211513552665989	-0.0786805955153655	-0.090286270051117	0.192408618371582	0.183247815663423	-0.0022711775253904	-0.211513552665989	0.183247815663423	0.25873191629222	0.0513345688249372	-0.0786805955153655	-0.0022711775253904	0.0513345688249372	0.319377812676287
0.273298979190647	-0.104219857091104	-0.0631787584206888	-0.0145616040180683	-0.104219857091104	0.166760444882035	0.155062831137452	0.0996135889956865	-0.0631787584206888	0.155062831137452	0.313612490641032	0.00720389252506165	-0.0145616040180683	0.0996135889956865	0.00720389252506165	0.246328085286285
0.304535966596309	0.195896691641329	0.0321778602180287	-0.140886506394294	0.195896691641329	0.409400716708723	0.00524938986664469	-0.0769545396273146	0.0321778602180287	0.00524938986664469	0.125363564909282	-0.122822372059705	-0.140886506394294	-0.0769545396273146	-0.122822372059705	0.160699751785686
0.268462464943063	-0.0233634584153335	-0.00314663877917437	0.20274555530235	-0.0233634584153335	0.357589733566783	0.188959672141843	0.127532498871787	-0.00314663877917437	0.188959672141843	0.11602940502999	0.0694428826263568	0.20274555530235	0.127532498871787	0.0694428826263568	0.257918396460163
0.408548944777308	0.106043367870121	-0.206649384523509	-0.144572635240022	0.106043367870121	0.220041816158629	-0.161937612776722	-0.148496980122526	-0.206649384523509	-0.161937612776722	0.209759265191065	0.180956469288002	-0.144572635240022	-0.148496980122526	0.180956469288002	0.161649973872998
1.85290189647022e-08	6.16134853923349e-09	-1.87988590467124e-08	-1.7179818554651e-08	6.16134853923349e-09	0.368838315650406	0.0797574851047948	-0.0187736710041505	-1.87988590467124e-08	0.0797574851047948	0.391042883038587	0.0284196486882381	-1.7179818554651e-08	-0.0187736710041505	0.0284196486882381	0.240118782781988
0.121437506231969	-0.00748596768051772	0.106416805305931	0.0767150396272191	-0.00748596768051772	0.241123921419423	-0.0833301115615026	-0.151505894191534	0.106416805305931	-0.0833301115615026	0.415560607635565	0.0779346232563801	0.0767150396272191	-0.151505894191534	0.0779346232563801	0.221877964713043
0.38386074171146	0.17098794919023	0.257143935302205	-0.0897646131501076	0.17098794919023	0.129996031103593	0.112863404932003	0.0388207853876689	0.257143935302205	0.112863404932003	0.27964360288757	-0.129425341369318	-0.0897646131501076	0.0388207853876689	-0.129425341369318	0.206499624297378
0.116939524009919	0.00972478932767673	-0.0887216371407606	0.0666618027712472	0.00972478932767673	0.363451134950526	-0.11010269661677	-0.0386557619013463	-0.0887216371407606	-0.11010269661677	0.0964112797546126	-0.0380558750306521	0.0666618027712472	-0.0386557619013463	-0.0380558750306521	0.423198061284943
0.193392770487113	-0.0816431594755189	0.293592424411485	-0.117429178180038	-0.0816431594755189	0.137996658523111	-0.242302348524509	0.0906394919210638	0.293592424411485	-0.242302348524509	0.581018286143152	-0.225218105640888	-0.117429178180038	0.0906394919210638	-0.225218105640888	0.0875922848466245
0.268826662561875	-0.010733604631543	-0.0692667485984378	0.251523597198712	-0.010733604631543	0.185965940551783	-0.0822222387974417	-0.181665036336964	-0.0692667485984378	-0.0822222387974417	0.107862526525198	0.0389634910839556	0.251523597198712	-0.181665036336964	0.0389634910839556	0.437344870361144
0.149552326679089	-0.0375345377206504	0.0461283356017958	0.160548148316969	-0.0375345377206504	0.337255357636379	-0.23006522364534	-0.0460407005011854	0.0461283356017958	-0.23006522364534	0.224180360834966	0.0577328911260756	0.160548148316969	-0.0460407005011854	0.0577328911260756	0.289011954849566
2.01820847643777e-08	-1.12875194431642e-08	1.13778195987095e-08	2.52840435526879e-09	-1.12875194431642e-08	0.165062765297088	0.110470518040149	-0.186279833376112	1.13778195987095e-08	0.110470518040149	0.586116031061157	-0.265271543771717	2.52840435526879e-09	-0.186279833376112	-0.265271543771717	0.24882118345967
0.381715078543531	-0.188928040337377	0.142462260087337	0.0343476835828413	-0.188928040337377	0.262662818555428	-0.0372883191265067	-0.0834751307494773	0.142462260087337	-0.0372883191265067	0.285015129175561	0.0791915707493064	0.0343476835828413	-0.0834751307494773	0.0791915707493064	0.0706069737254799
1.07625443478817e-08	-7.87971996898481e-09	-2.42637718557154e-09	-1.05463325194644e-08	-7.87971996898481e-09	0.308995982406266	0.00974507666001627	0.0693081001053079	-2.42637718557154e-09	0.00974507666001627	0.329352244539892	0.254471448493742	-1.05463325194644e-08	0.0693081001053079	0.254471448493742	0.361651762291298
0.358174742979973	0.0951402793153684	1.39971194233618e-08	0.271547524714154	0.0951402793153684	0.26270255681122	3.18116350530951e-10	-0.0822540822855412	1.39971194233618e-08	3.18116350530951e-10	1.05773686551541e-08	9.30490325303032e-09	0.271547524714154	-0.0822540822855412	9.30490325303032e-09	0.379122689631439
0.350922866805816	0.023650390586521	-0.181760420656643	0.0149262280226226	0.023650390586521	0.199455837195353	0.185669670885167	0.177181861768945	-0.181760420656643	0.185669670885167	0.292119672329496	0.168496051462007	0.0149262280226226	0.177181861768945	0.168496051462007	0.157501623669335
2.35836687539376e-08	1.71116432331065e-08	-8.62936736110815e-09	8.97258083569767e-09	1.71116432331065e-08	0.376048971928854	0.209634493105446	0.00981064832343973	-8.62936736110815e-09	0.209634493105446	0.459257939322341	-0.0799638761463642	8.97258083569767e-09	0.00981064832343973	-0.0799638761463642	0.164693065165136
0.242504405895618	-0.103710540743209	-0.230263369646642	-0.0842497702913726	-0.103710540743209	0.1033418185598	0.0733311728002109	-0.0116108853754983	-0.230263369646642	0.0733311728002109	0.556915614543623	0.0637565769022114	-0.0842497702913726	-0.0116108853754983	0.0637565769022114	0.0972381610009588
0.131377965551027	-0.114581278222834	0.119915061122086	-0.0917233124397839	-0.114581278222834	0.345401980577306	0.0260618713627127	0.0518538652053764	0.119915061122086	0.0260618713627127	0.443637145195151	-0.131551674845399	-0.0917233124397839	0.0518538652053764	-0.131551674845399	0.0795829086765155
0.335623085171169	-0.269410524950013	0.174247799878996	9.55031411799297e-09	-0.269410524950013	0.351932732040757	-0.204319390787273	-3.75996618818621e-09	0.174247799878996	-0.204319390787273	0.312444172636166	6.49220828493486e-09	9.55031411799297e-09	-3.75996618818621e-09	6.49220828493486e-09	1.01519087081028e-08
0.130976843855391	-0.0353623135833373	-0.10869060351972	-0.0662613545874604	-0.0353623135833373	0.282952914276204	-0.215373604833343	-0.00758859949938325	-0.10869060351972	-0.215373604833343	0.46110643750853	-0.0207461746491954	-0.0662613545874604	-0.00758859949938325	-0.0207461746491954	0.124963804359875
2.05438036366813e-08	8.57372450159883e-09	-1.2715620396091e-08	-9.15358992682774e-09	8.57372450159883e-09	0.117277834316178	-0.208851470853558	-0.0884574942909695	-1.2715620396091e-08	-0.208851470853558	0.531425391433089	0.316033664464837	-9.15358992682774e-09	-0.0884574942909695	0.316033664464837	0.35129675370693
0.213271060553096	-0.0124639012544438	-0.122138717311971	-0.0544267206153176	-0.0124639012544438	0.222090289563433	0.0411213785330953	-0.200936322918342	-0.122138717311971	0.0411213785330953	0.156408757666734	0.083040039275932	-0.0544267206153176	-0.200936322918342	0.083040039275932	0.408229892216737
0.161197875186372	-0.16804585904695	-0.141677679930809	-0.0956313494046975	-0.16804585904695	0.237370292165087	0.249150846678194	0.132799558561586	-0.141677679930809	0.249150846678194	0.504263759008303	0.207964735816917	-0.0956313494046975	0.132799558561586	0.207964735816917	0.097168073640239
0.164876289619496	0.132570655053057	-0.202527086768781	0.0133547943194361	0.132570655053057	0.181261748582227	-0.17084753193281	-0.0986070487953886	-0.202527086768781	-0.17084753193281	0.25497666119353	0.00866065754684384	0.0133547943194361	-0.0986070487953886	0.00866065754684384	0.398885300604747
0.133990600368866	0.163280438072762	0.00261267023962684	0.0628814125086132	0.163280438072762	0.310791905960089	-0.0554627256910798	0.0464313214375826	0.00261267023962684	-0.0554627256910798	0.383716254908648	-0.199415628992032	0.0628814125086132	0.0464313214375826	-0.199415628992032	0.171501238762396
0.0766718789340381	-0.0815012543610205	-0.0462803820869585	0.0926536957220168	-0.0815012543610205	0.113083154709929	-0.00516385336812408	-0.094266237045883	-0.0462803820869585	-0.00516385336812408	0.440117997505142	0.0755595876075757	0.0926536957220168	-0.094266237045883	0.0755595876075757	0.370126968850891
0.133764655303766	0.0789566579378909	0.0497089179633365	-0.0562586491672492	0.0789566579378909	0.0689502820094815	0.00177998441389772	-0.0344531827052967	0.0497089179633365	0.00177998441389772	0.491319899716702	0.0861505617516719	-0.0562586491672492	-0.0344531827052967	0.0861505617516719	0.30596516297005
0.175081847163814	0.178020838613602	-0.00769382314901437	0.102399466856918	0.178020838613602	0.234992029089743	-0.0926281723457855	0.0591274283360733	-0.00769382314901437	-0.0926281723457855	0.226088444163906	-0.0139391259456786	0.102399466856918	0.0591274283360733	-0.0139391259456786	0.363837679582537
0.156392436515998	-0.0706111624668518	0.0542597288249792	0.251301614472546	-0.0706111624668518	0.270178829446053	-0.108916139488932	-0.090923190178794	0.0542597288249792	-0.108916139488932	0.111535519890478	0.0693950794654415	0.251301614472546	-0.090923190178794	0.0693950794654415	0.461893214147472
0.0931162337956853	0.154649629505801	-0.0677443447233252	0.113157810557596	0.154649629505801	0.266860621425348	-0.142590005749084	0.161797014678136	-0.0677443447233252	-0.142590005749084	0.352927692792918	0.0898324124503513	0.113157810557596	0.161797014678136	0.0898324124503513	0.287095451986048
0.237128451815019	-0.0738995431922993	-0.125130496661606	-0.19438245634242	-0.0738995431922993	0.232243038264682	0.00585661065796034	0.216781584433228	-0.125130496661606	0.00585661065796034	0.111887209299431	0.0833704354391612	-0.19438245634242	0.216781584433228	0.0833704354391612	0.418741300620868
1.34817381498083e-08	-1.53758666501946e-08	-4.90245023629393e-09	8.71856206795455e-09	-1.53758666501946e-08	0.252594456524847	0.00175287208476081	-0.250877720261504	-4.90245023629393e-09	0.00175287208476081	0.472852375023415	-0.111289599092207	8.71856206795455e-09	-0.250877720261504	-0.111289599092207	0.27455315497
0.232107951742098	0.164919329615193	-0.117525901518849	0.0239733026930591	0.164919329615193	0.35024406889567	-0.0270048605156565	-0.028732160020058	-0.117525901518849	-0.0270048605156565	0.28476503756788	0.136690816717823	0.0239733026930591	-0.028732160020058	0.136690816717823	0.132882941794352
0.179838171834556	0.0199230835495526	0.0925619776680491	0.0311090618465964	0.0199230835495526	0.197851531378881	0.0412277195397147	0.0470748757345488	0.0925619776680491	0.0412277195397147	0.276259514230396	0.0576885444124726	0.0311090618465964	0.0470748757345488	0.0576885444124726	0.346050782556166
0.0640950795433161	0.103186718192104	0.112545158091568	0.0875812389644777	0.103186718192104	0.356107333375769	0.0363272222456003	0.174745030631347	0.112545158091568	0.0363272222456003	0.427299669773367	0.1354589807113	0.0875812389644777	0.174745030631347	0.1354589807113	0.152497917307547
0.327090613444682	0.0952259702580629	-0.160037252786606	0.129186052530905	0.0952259702580629	0.33168878010676	-0.0822990913774389	0.119704393014998	-0.160037252786606	-0.0822990913774389	0.147005088010488	-0.015622063834365	0.129186052530905	0.119704393014998	-0.015622063834365	0.19421551843807
0.212973197391639	0.214820978557849	0.106007694273291	0.102024275508141	0.214820978557849	0.367000896438645	0.127841005530312	0.162416807778506	0.106007694273291	0.127841005530312	0.0877672963341336	0.150376680802161	0.102024275508141	0.162416807778506	0.150376680802161	0.332258609835583
0.155994806439455	0.0113053272654438	-0.0395052588834758	-0.0597939951668414	0.0113053272654438	0.144438336859914	-0.0247385062863879	-0.0153441091899541	-0.0395052588834758	-0.0247385062863879	0.482842791412368	0.104700570962699	-0.0597939951668414	-0.0153441091899541	0.104700570962699	0.216724065288262
0.314893391366949	0.166484184669858	6.3753559153407e-09	0.0547844858435235	0.166484184669858	0.338131437566608	-2.23738905708183e-09	-0.217564928785647	6.3753559153407e-09	-2.23738905708183e-09	1.08501340295044e-08	1.46753475787088e-09	0.0547844858435235	-0.217564928785647	1.46753475787088e-09	0.346975160216309
0.261843774385956	-0.252037895157574	0.0722730402828638	0.0965667940112076	-0.252037895157574	0.460548328199615	-0.0113152872777977	0.063281215545122	0.0722730402828638	-0.0113152872777977	0.122776888365175	0.0514272169665985	0.0965667940112076	0.063281215545122	0.0514272169665985	0.154831009049254
0.137019654865192	-0.213269585512616	0.0314376362621494	-0.0952696713581501	-0.213269585512616	0.685150005400411	0.00027814487283226	0.0723972193696495	0.0314376362621494	0.00027814487283226	0.0381103550895291	-0.0695062803925737	-0.0952696713581501	0.0723972193696495	-0.0695062803925737	0.139719984644868
0.197575253924298	0.112329423244145	-0.210884856337019	0.0770675320018104	0.112329423244145	0.219078890839719	-0.0851448213248987	-0.0197077672490178	-0.210884856337019	-0.0851448213248987	0.312798544160897	-0.0041262960609503	0.0770675320018104	-0.0197077672490178	-0.0041262960609503	0.270547311075086
2.46385273090579e-08	-2.902282665478e-09	1.22883883070239e-08	1.4140909157329e-08	-2.902282665478e-09	0.129746761082108	0.123744909134922	0.191116575211927	1.22883883070239e-08	0.123744909134922	0.168242494416139	0.235534734958451	1.4140909157329e-08	0.191116575211927	0.235534734958451	0.702010719863226
0.404742834729859	-0.227522783452645	-7.25210737525868e-09	-0.111713446080098	-0.227522783452645	0.330396345005366	8.20633202989798e-09	0.195303429068121	-7.25210737525868e-09	8.20633202989798e-09	1.7700867343559e-08	-6.39330518608331e-09	-0.111713446080098	0.195303429068121	-6.39330518608331e-09	0.264860802563908
0.248597533621129	-0.0627856614912249	-0.13023340516242	-0.19987414667152	-0.0627856614912249	0.216000828265083	0.0321910691604553	-0.0971765852552116	-0.13023340516242	0.0321910691604553	0.0950932945187831	0.0520865306817967	-0.19987414667152	-0.0971765852552116	0.0520865306817967	0.440308343595005
0.0508684511093994	0.124752576819061	0.0329578057742608	-0.041618910373248	0.124752576819061	0.459775449318151	0.107683547964274	0.0359212265150895	0.0329578057742608	0.107683547964274	0.0376182560688472	0.036342064755872	-0.041618910373248	0.0359212265150895	0.036342064755872	0.451737843503602
0.166847120958776	0.0564507946373918	-0.0991522334609473	-0.166720150153676	0.0564507946373918	0.119911436011506	0.089044576060318	-0.213611271015961	-0.0991522334609473	0.089044576060318	0.243648278392518	-0.0825817566677673	-0.166720150153676	-0.213611271015961	-0.0825817566677673	0.469593164637201
0.282839238452813	0.106244094991419	-0.0231585368240439	0.0827729134798624	0.106244094991419	0.211635510205359	0.131860736638447	-0.165611503777575	-0.0231585368240439	0.131860736638447	0.116945826176391	-0.167781356167832	0.0827729134798624	-0.165611503777575	-0.167781356167832	0.388579425165437
0.561320378696438	-0.0463058999033292	0.0116380462892628	0.322958697840226	-0.0463058999033292	0.101810788143778	0.059978796033976	0.0471614934574226	0.0116380462892628	0.059978796033976	0.0917937049261654	0.0392210603727107	0.322958697840226	0.0471614934574226	0.0392210603727107	0.245075128233619
0.209278866528597	-0.131050525755481	0.058989432462554	-0.084008239374909	-0.131050525755481	0.158266451028489	-0.0476421945482976	-0.0255594514668479	0.058989432462554	-0.0476421945482976	0.215419188086014	0.228005036833699	-0.084008239374909	-0.0255594514668479	0.228005036833699	0.417035494356899
0.222233779615613	0.0209523487307897	0.0196274301187359	-0.0924412269143153	0.0209523487307897	0.352852046132339	-0.319284999730509	0.0599169576991098	0.0196274301187359	-0.319284999730509	0.301700169385577	-0.0522560287910118	-0.0924412269143153	0.0599169576991098	-0.0522560287910118	0.123214004866471
0.321996003952169	-0.0368398089394302	0.10957158058077	-0.0222366437348747	-0.0368398089394302	0.183863626803526	0.103044732784523	-0.0250295305796476	0.10957158058077	0.103044732784523	0.132993903522314	0.00529905909521293	-0.0222366437348747	-0.0250295305796476	0.00529905909521293	0.361146465721991
0.214927095282603	0.112724151625296	-0.0194356188712565	-0.00755158861304631	0.112724151625296	0.490968920847497	-0.140830588466409	-0.0462942235626995	-0.0194356188712565	-0.140830588466409	0.17342671541144	0.109750726730775	-0.00755158861304631	-0.0462942235626995	0.109750726730775	0.12067726845846
0.528738202061339	-0.00563889003521578	-0.0768478557974118	0.0474399890214388	-0.00563889003521578	0.251673114104547	-0.0885773397946553	-0.141397812614492	-0.0768478557974118	-0.0885773397946553	0.114018979108022	0.00324087122896823	0.0474399890214388	-0.141397812614492	0.00324087122896823	0.105569704726092
0.207794175006653	0.0750754177517232	0.00850642255791819	-0.055130124314571	0.0750754177517232	0.0630630425169818	0.0738012677535514	0.0203200661315021	0.00850642255791819	0.0738012677535514	0.384397792665844	0.297340285538224	-0.055130124314571	0.0203200661315021	0.297340285538224	0.344744989810522
0.179354393182632	0.11487681553591	0.18810514657972	-0.0601814318786838	0.11487681553591	0.127660824421139	0.0631944011742367	-0.0269097254966617	0.18810514657972	0.0631944011742367	0.430502735430387	-0.208812329423875	-0.0601814318786838	-0.0269097254966617	-0.208812329423875	0.262482046965842
1.53908264067091e-08	9.72052194107945e-09	3.46109493356617e-09	5.63348430676195e-09	9.72052194107945e-09	0.528733632713428	0.198865094886908	0.33864372041465	3.46109493356617e-09	0.198865094886908	0.0932851689291755	0.0727954811416988	5.63348430676195e-09	0.33864372041465	0.0727954811416988	0.37798118296657
0.178249981644322	0.0736445558458178	-0.0774781590391154	-0.0427895301684852	0.0736445558458178	0.1034415032379	0.0882212959110718	0.00339647765437678	-0.0774781590391154	0.0882212959110718	0.231658591776355	0.0533026736018115	-0.0427895301684852	0.00339647765437678	0.0533026736018115	0.486649923341423
0.154927217339114	-0.0599764272366084	-0.110228549568216	0.102185819146613	-0.0599764272366084	0.0757614499484791	-0.0162454994482259	-0.0497785542330225	-0.110228549568216	-0.0162454994482259	0.144492342051786	-0.0612441314254474	0.102185819146613	-0.0497785542330225	-0.0612441314254474	0.624818990660621
0.268248244032205	0.16209489199418	0.0263223408041307	-0.0739305453050362	0.16209489199418	0.175563175273033	-0.0209656358813777	0.0449239188238082	0.0263223408041307	-0.0209656358813777	0.210070004426805	-0.0515265919026071	-0.0739305453050362	0.0449239188238082	-0.0515265919026071	0.346118576267957
0.425093745615139	-0.105009562657825	0.282137843224875	0.0524191256354195	-0.105009562657825	0.124564006948727	-0.126264194775661	0.0326661116471033	0.282137843224875	-0.126264194775661	0.340447725800423	-0.0903895134900251	0.0524191256354195	0.0326661116471033	-0.0903895134900251	0.109894521635711
0.464970281474528	-0.109366056099962	-0.183118966675463	0.0508043426481246	-0.109366056099962	0.118496531985976	0.161891747866437	-0.0708621342848183	-0.183118966675463	0.161891747866437	0.349989778075949	-0.0410188022078088	0.0508043426481246	-0.0708621342848183	-0.0410188022078088	0.0665434084635474
0.413042402704866	-0.164426630836725	-0.177416163013678	-0.11929997306991	-0.164426630836725	0.218719880991719	-0.0906832296069722	0.124790471830971	-0.177416163013678	-0.0906832296069722	0.260020071247127	-0.0369018284492435	-0.11929997306991	0.124790471830971	-0.0369018284492435	0.108217645056288
0.0731282667731159	0.0027213331069662	0.0467098528252184	0.183506274331213	0.0027213331069662	0.306085298185389	0.0940796923008643	-0.0745694641289577	0.0467098528252184	0.0940796923008643	0.0577026991463337	0.0926477616186229	0.183506274331213	-0.0745694641289577	0.0926477616186229	0.563083735895161
0.38463414930729	0.0195153658045258	0.19877525915745	-7.19157591755552e-09	0.0195153658045258	0.401442787780582	-0.165648591253607	-1.18337571976707e-08	0.19877525915745	-0.165648591253607	0.213923045561024	-2.92990129974484e-09	-7.19157591755552e-09	-1.18337571976707e-08	-2.92990129974484e-09	1.73511038010863e-08
0.35475007702251	-0.00377657969222701	-0.0357426504358164	-0.0585519326664436	-0.00377657969222701	0.0747894167507031	-0.0892731399560602	0.108672200271176	-0.0357426504358164	-0.0892731399560602	0.134199947128892	-0.0593084621485687	-0.0585519326664436	0.108672200271176	-0.0593084621485687	0.436260559097895
0.186403091902646	0.0828202781370214	-0.0177142631487612	0.0303870023588171	0.0828202781370214	0.0746763291608917	0.0996322955687859	0.00142827528595169	-0.0177142631487612	0.0996322955687859	0.436411047024798	0.031064002885846	0.0303870023588171	0.00142827528595169	0.031064002885846	0.302509531911664
1.23183211240228e-08	5.33616928001848e-09	-1.24776097592472e-09	-9.15909652540485e-09	5.33616928001848e-09	0.363648246346513	-0.137062204368744	-0.0273036819546077	-1.24776097592472e-09	-0.137062204368744	0.224345651279005	0.0344833871480116	-9.15909652540485e-09	-0.0273036819546077	0.0344833871480116	0.412006090056161
0.399865995636124	-0.133796209373187	-0.195186966171245	-0.127746045900905	-0.133796209373187	0.0668396345690388	0.0784930619206954	0.120935394329646	-0.195186966171245	0.0784930619206954	0.214391072181463	0.101261027715228	-0.127746045900905	0.120935394329646	0.101261027715228	0.318903297613374
0.38977973770808	0.188757029481343	6.19719711480156e-09	-0.0501073381915402	0.188757029481343	0.302489046554742	8.72105561720058e-09	0.142149968874719	6.19719711480156e-09	8.72105561720058e-09	1.14948011000351e-08	-6.19719711480156e-09	-0.0501073381915402	0.142149968874719	-6.19719711480156e-09	0.307731204242378
0.288406160322707	-0.115820915184531	-0.0701375085496199	-4.14453943196611e-10	-0.115820915184531	0.192512999760902	-0.242200258074984	-6.53258358086087e-09	-0.0701375085496199	-0.242200258074984	0.519080830601045	5.6444679882967e-09	-4.14453943196611e-10	-6.53258358086087e-09	5.6444679882967e-09	9.31534577089526e-09
0.165338935333483	0.000569259547741807	-0.0496443139756635	0.0337503289570065	0.000569259547741807	0.133578735796571	0.089016966177551	0.0120890249528133	-0.0496443139756635	0.089016966177551	0.424236984515081	0.284282127983998	0.0337503289570065	0.0120890249528133	0.284282127983998	0.276845344354865
0.16721990689782	0.0840008928842357	-0.117959666504157	-0.0273355560550191	0.0840008928842357	0.265232747743763	-0.206146367780644	-0.121311731506487	-0.117959666504157	-0.206146367780644	0.368735627076549	-0.0170252577728289	-0.0273355560550191	-0.121311731506487	-0.0170252577728289	0.198811718281868
0.281991916524002	-0.0920094572738068	-0.142184543970866	0.0807624054165984	-0.0920094572738068	0.429153239543496	-0.00786718597168264	-0.188937335456531	-0.142184543970866	-0.00786718597168264	0.0911364265903494	0.0175436136447561	0.0807624054165984	-0.188937335456531	0.0175436136447561	0.197718417342153
0.333646907230164	0.121888350193265	0.148180966091576	-0.279495536580464	0.121888350193265	0.109559757819139	0.13907156607556	-0.0760805337822104	0.148180966091576	0.13907156607556	0.18375518028867	-0.0740240993430521	-0.279495536580464	-0.0760805337822104	-0.0740240993430521	0.373038154662027
0.26552121036965	0.0153461576119059	-0.0647052294666993	-0.0887609515744547	0.0153461576119059	0.281280073001667	-0.190742566390616	0.043845603515747	-0.0647052294666993	-0.190742566390616	0.358776556458162	0.0974507498386529	-0.0887609515744547	0.043845603515747	0.0974507498386529	0.0944221601705211
9.58159196815516e-09	-3.64653762567585e-09	7.21762964530323e-09	-1.86099161586216e-09	-3.64653762567585e-09	0.227285164685502	-0.0688716377996776	0.201895196103583	7.21762964530323e-09	-0.0688716377996776	0.554882383369926	-0.0492463297092746	-1.86099161586216e-09	0.201895196103583	-0.0492463297092746	0.21783244236298
0.173152136753268	0.0576903845547953	-0.0592785984450288	0.121434394072646	0.0576903845547953	0.576449534834339	0.0453593085167884	0.0468737244520783	-0.0592785984450288	0.0453593085167884	0.146516464246191	-0.0289578137603529	0.121434394072646	0.0468737244520783	-0.0289578137603529	0.103881864166202
0.105086198692104	0.0897348360520826	-0.0576185879534602	-0.0382379020934505	0.0897348360520826	0.100299910894814	-0.0453408309241081	-0.0641631502010279	-0.0576185879534602	-0.0453408309241081	0.43620033356084	0.02225801396767	-0.0382379020934505	-0.0641631502010279	0.02225801396767	0.358413556852242
0.225415167229852	0.164837798587751	0.108328161237268	0.126120175902652	0.164837798587751	0.130241330646263	0.119731249622925	0.0983570516704524	0.108328161237268	0.119731249622925	0.345771073965033	0.0728676301659364	0.126120175902652	0.0983570516704524	0.0728676301659364	0.298572428158853
0.22299338296232	0.0814369685913748	0.0415601454284352	0.159501872161332	0.0814369685913748	0.366314724212517	-0.000958669620015733	-0.163218856509777	0.0415601454284352	-0.000958669620015733	0.0966401138259196	0.0334059543812106	0.159501872161332	-0.163218856509777	0.0334059543812106	0.314051778999243
0.150199901404472	-0.0143201372727719	-0.118093235994235	-0.000564584216547287	-0.0143201372727719	0.348302697788056	-0.106379613231172	-0.282176941406068	-0.118093235994235	-0.106379613231172	0.223891308647556	0.100183831160768	-0.000564584216547287	-0.282176941406068	0.100183831160768	0.277606092159917
0.227371131820226	0.00639813525972813	0.232369846207362	-0.020829890873535	0.00639813525972813	0.0729620706255545	-0.0907696083154043	-0.0247390932494743	0.232369846207362	-0.0907696083154043	0.590878941684608	-0.1272596993994	-0.020829890873535	-0.0247390932494743	-0.1272596993994	0.108787855869611
0.232891759770517	0.099037725615401	-0.144987610004431	0.0827762014583338	0.099037725615401	0.085278360988954	0.0198500287862285	0.00513376310709603	-0.144987610004431	0.0198500287862285	0.244176424143497	-0.108310141875238	0.0827762014583338	0.00513376310709603	-0.108310141875238	0.437653455097032
0.0966615892332183	0.0612340423195335	0.0859558244990329	-0.0601045916115464	0.0612340423195335	0.450556268165068	0.142579411537694	0.0903793328563816	0.0859558244990329	0.142579411537694	0.361394431046133	0.0332859840080043	-0.0601045916115464	0.0903793328563816	0.0332859840080043	0.0913877115555806
0.0924466476646832	-0.11523708582338	-0.0448074807967496	0.0294083260996596	-0.11523708582338	0.200503381840393	0.0421358768794463	-0.119783805385945	-0.0448074807967496	0.0421358768794463	0.365445098005389	-0.156631702466997	0.0294083260996596	-0.119783805385945	-0.156631702466997	0.341604872489535
9.17817438783149e-09	-6.18481295678813e-09	-3.67567175723707e-09	-9.15616437730911e-09	-6.18481295678813e-09	0.342578091172437	0.0847184779243527	0.129834520590146	-3.67567175723707e-09	0.0847184779243527	0.195938898803382	-0.0978591216377712	-9.15616437730911e-09	0.129834520590146	-0.0978591216377712	0.461483000846007
1.33760839834002e-08	1.19015550403482e-08	-1.51139216662829e-08	1.05323495932285e-10	1.19015550403482e-08	0.206179437189089	-0.281751548665039	0.12480736448779	-1.51139216662829e-08	-0.281751548665039	0.429627943507539	-0.123131209641954	1.05323495932285e-10	0.12480736448779	-0.123131209641954	0.364192605927288
0.349707461560592	0.100840597543067	0.0579031579955728	0.0298498697622787	0.100840597543067	0.362003842213536	-0.0192041950116362	0.0077527656830346	0.0579031579955728	-0.0192041950116362	0.142051369090902	0.110297833266097	0.0298498697622787	0.0077527656830346	0.110297833266097	0.14623732713497
0.40550516931242	0.280035432821507	0.0900479813029044	-0.205111779462457	0.280035432821507	0.19436735333125	0.0692654641900338	-0.152643185398819	0.0900479813029044	0.0692654641900338	0.172906080464072	-0.125043345608968	-0.205111779462457	-0.152643185398819	-0.125043345608968	0.227221396892258
0.364954394259352	0.120092460795312	0.0632222989551488	0.0294914050610599	0.120092460795312	0.28347780568257	0.179424983688841	-0.15279121234546	0.0632222989551488	0.179424983688841	0.230709698163148	-0.132427831330894	0.0294914050610599	-0.15279121234546	-0.132427831330894	0.12085810189493
0.198001847624911	-0.105199513374254	0.028998742904595	0.153324050487394	-0.105199513374254	0.111885201522373	-0.132696741245309	-0.215620145649872	0.028998742904595	-0.132696741245309	0.249939610419918	0.303483550974432	0.153324050487394	-0.215620145649872	0.303483550974432	0.440173340432798
0.327155091808411	-0.0474116106972868	-0.00980505036241818	0.12652289900034	-0.0474116106972868	0.40423789570977	-0.142415203880039	0.0180626612468546	-0.00980505036241818	-0.142415203880039	0.108793638806183	-0.0573547905899235	0.12652289900034	0.0180626612468546	-0.0573547905899235	0.159813373675636
0.088429166353705	-0.0252173400665015	0.108495129235847	0.0903028626944925	-0.0252173400665015	0.133733204547139	-0.0335329210892109	0.117271733494547	0.108495129235847	-0.0335329210892109	0.377093122555292	-0.0778994191426571	0.0903028626944925	0.117271733494547	-0.0778994191426571	0.400744506543864
0.204548840141323	-0.0230478233261036	0.0210274881589097	0.231293180377386	-0.0230478233261036	0.193771328880302	0.202164771115861	-0.0963991385262341	0.0210274881589097	0.202164771115861	0.303173912461544	-0.0267714957509838	0.231293180377386	-0.0963991385262341	-0.0267714957509838	0.298505918516831
0.403323445379145	-0.156022150146011	0.06923010047687	-0.112472466914307	-0.156022150146011	0.0858382205969121	-0.120877835542943	-0.0118182929496897	0.06923010047687	-0.120877835542943	0.359347218648726	0.184997013372994	-0.112472466914307	-0.0118182929496897	0.184997013372994	0.151491115375216
0.395146953827383	-0.207448748622896	0.180210109944517	-0.0773104981728569	-0.207448748622896	0.110125839508651	-0.0858057684674935	0.0461255948137526	0.180210109944517	-0.0858057684674935	0.145860207766347	0.00480119229098077	-0.0773104981728569	0.0461255948137526	0.00480119229098077	0.348866998897619
1.11636515488716e-08	-5.48582385693935e-09	6.96699629831297e-09	2.66062457061558e-09	-5.48582385693935e-09	0.240078006092548	0.200001930477873	0.0380403863879339	6.96699629831297e-09	0.200001930477873	0.409402239037888	0.061726229845656	2.66062457061558e-09	0.0380403863879339	0.061726229845656	0.350519743705912
0.333409794558875	-0.201730564984081	0.0663400400399267	0.0572036615394809	-0.201730564984081	0.308231653028231	0.0239271409225817	-0.121972979924085	0.0663400400399267	0.0239271409225817	0.116418378947862	-0.106477330327743	0.0572036615394809	-0.121972979924085	-0.106477330327743	0.241940173465032
0.175424361958461	0.0812417743770136	0.0990344746010598	-0.187886314971861	0.0812417743770136	0.268048039872324	0.00575757855785112	0.0789298123657935	0.0990344746010598	0.00575757855785112	0.145741143816684	-0.0669669198301497	-0.187886314971861	0.0789298123657935	-0.0669669198301497	0.410786454352532
0.0516248416803819	-0.177142951982446	-0.0524375327501391	0.0305055102609241	-0.177142951982446	0.609360728516656	0.185691607879811	-0.0930120080339058	-0.0524375327501391	0.185691607879811	0.231552277875724	0.0131835525938358	0.0305055102609241	-0.0930120080339058	0.0131835525938358	0.107462151927238
0.310877794349317	-0.0704533764703025	0.0818667633381272	-0.10867176189663	-0.0704533764703025	0.170836753752758	0.0703929773446649	0.141486000548385	0.0818667633381272	0.0703929773446649	0.38244399451319	-0.013926576760427	-0.10867176189663	0.141486000548385	-0.013926576760427	0.135841457384735
0.33516802917638	0.0933677883398535	-0.321507874249598	0.185895213983148	0.0933677883398535	0.086966944572919	-0.123998740657876	0.142565240233167	-0.321507874249598	-0.123998740657876	0.329331249113456	-0.233485706505555	0.185895213983148	0.142565240233167	-0.233485706505555	0.248533777137244
0.223742875244813	0.151582360800086	0.232848591814592	-0.0371787430780247	0.151582360800086	0.280334356308868	0.324893873834499	0.10136221568427	0.232848591814592	0.324893873834499	0.399590632956814	0.0803803036523205	-0.0371787430780247	0.10136221568427	0.0803803036523205	0.0963321354895056
0.136099379761571	0.0930640199401821	0.19324410212904	-0.104560455513501	0.0930640199401821	0.278464402333756	0.036343393062908	-0.0627971984533169	0.19324410212904	0.036343393062908	0.405333817235834	-0.154291204174325	-0.104560455513501	-0.0627971984533169	-0.154291204174325	0.18010240066884
0.289072543584409	-0.132245654880264	-0.102736462697669	-0.0794509006135022	-0.132245654880264	0.399277597520063	-0.0784990933304194	-0.168840895371374	-0.102736462697669	-0.0784990933304194	0.117487684911022	0.132294342713096	-0.0794509006135022	-0.168840895371374	0.132294342713096	0.194162173984506
0.215437800164548	-0.116323576059935	0.0938971300730325	-0.238734642154849	-0.116323576059935	0.30847227885368	-0.168509183246126	0.205705909445889	0.0938971300730325	-0.168509183246126	0.115973229418693	-0.152793382598867	-0.238734642154849	0.205705909445889	-0.152793382598867	0.360116691563079
0.37479684401485	0.107092401296015	-0.0420413015455024	0.0377003410167816	0.107092401296015	0.420316378460047	-0.0745631525752278	0.0483048443462878	-0.0420413015455024	-0.0745631525752278	0.130196581621188	0.0738259865542336	0.0377003410167816	0.0483048443462878	0.0738259865542336	0.0746901959039151
0.119995157395836	0.0163273745085996	-0.0164914620551178	0.122063323966615	0.0163273745085996	0.310545001877681	-0.0617420175695962	0.0439793094767131	-0.0164914620551178	-0.0617420175695962	0.344095484310879	-0.0377036391178436	0.122063323966615	0.0439793094767131	-0.0377036391178436	0.225364356415603
0.18736633965712	0.191760886852131	0.082533802650295	-0.130459388682502	0.191760886852131	0.259420931185599	0.0186244811911506	-0.210311661329456	0.082533802650295	0.0186244811911506	0.369012740602001	0.0225874158377364	-0.130459388682502	-0.210311661329456	0.0225874158377364	0.184199988555281
0.331157378564231	0.000850326760114943	0.0477260962566106	0.104733188570878	0.000850326760114943	0.217489306099477	-0.108154295048466	-0.0550088374951667	0.0477260962566106	-0.108154295048466	0.159492659743943	0.0845883293195976	0.104733188570878	-0.0550088374951667	0.0845883293195976	0.291860655592348
0.186433677270279	0.221114432728914	0.108797418816492	0.177425762555249	0.221114432728914	0.411040762166652	0.180553853387242	0.3609895364018	0.108797418816492	0.180553853387242	0.0813283382241312	0.155669306605968	0.177425762555249	0.3609895364018	0.155669306605968	0.321197222338938
0.307227369654454	0.0698044419376352	0.109365015754555	0.183765801892312	0.0698044419376352	0.210684086708159	-0.0196893303469079	0.0383167130024304	0.109365015754555	-0.0196893303469079	0.240530918948979	0.135507189005222	0.183765801892312	0.0383167130024304	0.135507189005222	0.241557624688408
0.0601554324523482	0.104406679528004	-0.0651247522372535	0.0313074383869965	0.104406679528004	0.306058518867878	-0.0972920061761492	-0.0549292675246141	-0.0651247522372535	-0.0972920061761492	0.240336878170527	-0.184291911659446	0.0313074383869965	-0.0549292675246141	-0.184291911659446	0.393449170509247
0.153198245210186	-0.176025105619598	0.0609875461368258	-0.106874193380578	-0.176025105619598	0.334291491354221	0.0380911647498263	0.133125840763609	0.0609875461368258	0.0380911647498263	0.357079713205652	-0.0212271558616833	-0.106874193380578	0.133125840763609	-0.0212271558616833	0.15543055022994
0.28840702612836	0.114159287053322	-0.256038958641155	-0.0780331537730644	0.114159287053322	0.0744035856441607	-0.10313673262538	-0.00940591845913392	-0.256038958641155	-0.10313673262538	0.227413208671747	0.0679596243553572	-0.0780331537730644	-0.00940591845913392	0.0679596243553572	0.409776179555732
0.215876387372045	-0.223443589362549	0.125840101471467	0.258315254311505	-0.223443589362549	0.305846043730529	-0.184964865171697	-0.202933528005596	0.125840101471467	-0.184964865171697	0.113500174274005	0.103300315946751	0.258315254311505	-0.202933528005596	0.103300315946751	0.364777394623421
0.303945072831502	0.106563407206775	0.180485681773358	-0.108540124357174	0.106563407206775	0.176282595518214	0.0251973800283608	-0.136415928790464	0.180485681773358	0.0251973800283608	0.3068614174886	-0.0213612869628777	-0.108540124357174	-0.136415928790464	-0.0213612869628777	0.212910914161684
0.407792108239226	0.0102962562106274	-0.0317077768920897	0.171734431922258	0.0102962562106274	0.0914438100313895	-0.0882886358440825	0.0252921492898317	-0.0317077768920897	-0.0882886358440825	0.112703375732433	-0.0191042041457077	0.171734431922258	0.0252921492898317	-0.0191042041457077	0.388060705996952
0.277494891880716	-0.0790750778037983	0.117775158195422	0.174107551353279	-0.0790750778037983	0.125073204210693	-0.191734791977968	-0.115805747969644	0.117775158195422	-0.191734791977968	0.294154396688036	0.17083285480874	0.174107551353279	-0.115805747969644	0.17083285480874	0.303277507220555
0.111203615013559	-0.0102770063442884	-0.0865581323681511	0.00236838188807738	-0.0102770063442884	0.337436212495416	0.224554030983322	-0.296561797434565	-0.0865581323681511	0.224554030983322	0.289741181450484	-0.18562499122987	0.00236838188807738	-0.296561797434565	-0.18562499122987	0.26161899104054
0.567632114784372	0.0135187725371558	0.00411585207898577	0.112309304878926	0.0135187725371558	0.0954243815777545	-0.0679496542032729	0.028643342276322	0.00411585207898577	-0.0679496542032729	0.114927054162806	-0.0547107831936251	0.112309304878926	0.028643342276322	-0.0547107831936251	0.222016449475067
0.223565989083517	0.0638196014624528	0.0151948303722939	-0.00650627923529099	0.0638196014624528	0.436054554459076	-0.0521680985062328	0.0873646543091808	0.0151948303722939	-0.0521680985062328	0.193242627690183	-0.119892294889498	-0.00650627923529099	0.0873646543091808	-0.119892294889498	0.147136828767225
0.227447807024404	-0.0535525076330346	0.156705888740088	-0.127019452759705	-0.0535525076330346	0.2529771656504	-0.289612499869568	0.0240871424776488	0.156705888740088	-0.289612499869568	0.419685980231001	-0.110872272650872	-0.127019452759705	0.0240871424776488	-0.110872272650872	0.0998890470941955
0.113920757696586	0.0659905423692791	0.116403840784257	-0.108453165765863	0.0659905423692791	0.371518238136692	0.172469936738836	0.0240222312477144	0.116403840784257	0.172469936738836	0.168829754383408	-0.141871455064452	-0.108453165765863	0.0240222312477144	-0.141871455064452	0.345731249783313
0.252282461803477	-0.118994117619451	0.0370820422041655	-0.141807314869334	-0.118994117619451	0.435059860651016	-0.142410396734808	0.0178150566994012	0.0370820422041655	-0.142410396734808	0.180239752105268	-0.0382487568201637	-0.141807314869334	0.0178150566994012	-0.0382487568201637	0.132417925440239
0.344407116529619	-0.188043156401698	-0.122657367973275	0.0490143051681048	-0.188043156401698	0.158138594433298	0.0817230434162872	-0.124355796931063	-0.122657367973275	0.0817230434162872	0.318766296615697	-0.0434135378265738	0.0490143051681048	-0.124355796931063	-0.0434135378265738	0.178687992421386
0.180591651547013	-0.143333461468065	-0.171796512886446	-0.225568033978945	-0.143333461468065	0.264363470931437	0.110150939559681	0.142606271289985	-0.171796512886446	0.110150939559681	0.167988411291966	0.220919671110051	-0.225568033978945	0.142606271289985	0.220919671110051	0.387056466229584
0.106942202534885	-0.173663841271586	0.141873804077335	-0.161061487986802	-0.173663841271586	0.344300433142699	-0.259887524643122	0.214448802089732	0.141873804077335	-0.259887524643122	0.270573550304247	-0.191365057416079	-0.161061487986802	0.214448802089732	-0.191365057416079	0.278183814018169
0.153799085684297	-0.173113141182342	0.000606717340716454	0.121736583482423	-0.173113141182342	0.316998158990291	0.17320320182419	-0.184977939379677	0.000606717340716454	0.17320320182419	0.360584281692087	-0.000923388664987306	0.121736583482423	-0.184977939379677	-0.000923388664987306	0.168618473633325
0.363555287374634	-0.143635014388507	-0.264743266961675	-0.310429124867494	-0.143635014388507	0.0846874779675586	0.0590957730277092	0.0991224201301714	-0.264743266961675	0.0590957730277092	0.266885836978981	0.264364701254308	-0.310429124867494	0.0991224201301714	0.264364701254308	0.284871397678826
0.177784524981626	-0.120117078406469	-0.11034943920365	-0.108890059022901	-0.120117078406469	0.463495005518276	0.104830445985206	0.0412125885624023	-0.11034943920365	0.104830445985206	0.115670123082184	0.0351814787612175	-0.108890059022901	0.0412125885624023	0.0351814787612175	0.243050346417914
0.158784311554698	0.00668343626514633	0.130703581792523	0.0889158237329384	0.00668343626514633	0.369692629532333	-0.02554813463532	0.0890998076041257	0.130703581792523	-0.02554813463532	0.155410697205462	0.106129670526259	0.0889158237329384	0.0890998076041257	0.106129670526259	0.316112361707508
0.119940072198362	0.186594759865653	-0.0506789680209836	-0.0708729048868486	0.186594759865653	0.374637544113561	-0.000600108897875306	-0.0843065633942114	-0.0506789680209836	-0.000600108897875306	0.419720928682428	0.162062954193918	-0.0708729048868486	-0.0843065633942114	0.162062954193918	0.0857014550056485
0.133203154917662	0.033982520409701	-0.0984315119620608	-0.121321671765665	0.033982520409701	0.557903359193261	-0.025053058339485	-0.062985788416878	-0.0984315119620608	-0.025053058339485	0.189259293445307	0.108041473188917	-0.121321671765665	-0.062985788416878	0.108041473188917	0.11963419244377
0.240046104776911	0.0611006095676961	0.187492409043223	0.0688982375625064	0.0611006095676961	0.215649476730333	0.0355906543215694	0.109526480470334	0.187492409043223	0.0355906543215694	0.279094866042729	0.0540717980261354	0.0688982375625064	0.109526480470334	0.0540717980261354	0.265209552450027
0.280318958979288	0.0249165218047389	0.124336180988453	-0.255824605084466	0.0249165218047389	0.142716149259899	0.0589697927724826	-0.204394440638401	0.124336180988453	0.0589697927724826	0.0997075415110219	-0.190866637856997	-0.255824605084466	-0.204394440638401	-0.190866637856997	0.47725735024979
1.95013995421837e-08	3.97898510838278e-09	1.04940266594711e-08	7.87051999460329e-10	3.97898510838278e-09	0.398082412533969	-0.240278907802443	-0.347445871218999	1.04940266594711e-08	-0.240278907802443	0.177030504496988	0.147325950064726	7.87051999460329e-10	-0.347445871218999	0.147325950064726	0.424887063467643
0.104204106583503	-0.0862478183568155	0.109347704220652	-0.155588088868363	-0.0862478183568155	0.351095947265062	-0.0367678897203299	-0.031816562601247	0.109347704220652	-0.0367678897203299	0.197961080464901	-0.158586493444918	-0.155588088868363	-0.031816562601247	-0.158586493444918	0.346738865686534
0.186900782117326	-0.229970913636324	0.139310758283349	0.104287066257474	-0.229970913636324	0.461007830643814	-0.0706388197822766	-0.162237194053527	0.139310758283349	-0.0706388197822766	0.260919724624639	0.109787420561478	0.104287066257474	-0.162237194053527	0.109787420561478	0.0911716626142203
0.197292143090392	0.141621841873698	-0.11130876763743	0.143173687546864	0.141621841873698	0.202916919431934	0.123528709763553	0.1294925981048	-0.11130876763743	0.123528709763553	0.471496864188817	-0.027097495385747	0.143173687546864	0.1294925981048	-0.027097495385747	0.128294073288857
0.277765450655447	0.143556182234215	0.0334645892126662	-0.0241550231563794	0.143556182234215	0.430568160995195	0.0197198554977023	-0.117925188945686	0.0334645892126662	0.0197198554977023	0.075381805299496	0.104607341010426	-0.0241550231563794	-0.117925188945686	0.104607341010426	0.216284583049862
1.25081170132811e-08	1.69432660737672e-09	-2.46674020779846e-09	-9.99154366997154e-09	1.69432660737672e-09	0.323299207531455	-0.0858628704699237	0.0631076676355116	-2.46674020779846e-09	-0.0858628704699237	0.208703979767088	0.108586938682514	-9.99154366997154e-09	0.0631076676355116	0.108586938682514	0.467996800193339
0.0954446700393578	-0.0120821916090874	-0.0975874571428733	0.0308711198011612	-0.0120821916090874	0.443752192313515	-0.0313361253273059	0.320652775354202	-0.0975874571428733	-0.0313361253273059	0.157941816112914	-0.0125517484596327	0.0308711198011612	0.320652775354202	-0.0125517484596327	0.302861321534213
0.110373246781618	0.122154132750718	-0.150259304351611	0.0783824626760501	0.122154132750718	0.320746370140017	-0.0948647380022247	0.0517320104665109	-0.150259304351611	-0.0948647380022247	0.334074519243226	0.000973134572709182	0.0783824626760501	0.0517320104665109	0.000973134572709182	0.234805863835139
0.328426460342197	-0.0932183343052037	0.0827824484655259	-0.070482252395753	-0.0932183343052037	0.183371541920112	0.00956662524213872	-0.025485936230311	0.0827824484655259	0.00956662524213872	0.0569133086391837	0.0783182430193444	-0.070482252395753	-0.025485936230311	0.0783182430193444	0.431288689098507
8.77637376088435e-09	5.3129700659899e-09	1.12424622556783e-09	-2.93754658938691e-09	5.3129700659899e-09	0.252057354082689	0.215476553801356	-0.134329243425115	1.12424622556783e-09	0.215476553801356	0.404162466580233	0.0338074785577354	-2.93754658938691e-09	-0.134329243425115	0.0338074785577354	0.343780170560704
0.196945580209735	-0.109360480631769	-0.0817635882523365	-0.0318092514706511	-0.109360480631769	0.107977415054617	0.0251807903419965	-0.00554802343650897	-0.0817635882523365	0.0251807903419965	0.318800702906915	0.280756701032588	-0.0318092514706511	-0.00554802343650897	0.280756701032588	0.376276301828734
0.0848955746905804	-0.0863981792009034	0.136037706967721	0.151533638849392	-0.0863981792009034	0.232292600393062	-0.0817394540329472	-0.278183448119369	0.136037706967721	-0.0817394540329472	0.30588085163087	0.194125372018963	0.151533638849392	-0.278183448119369	0.194125372018963	0.376930973285488
1.12437391060702e-08	-8.90670326416185e-09	-6.98514046081498e-09	4.12876332070476e-09	-8.90670326416185e-09	0.227347389360567	0.206464451196693	-0.112658971453232	-6.98514046081498e-09	0.206464451196693	0.315056242119251	0.0807065765798004	4.12876332070476e-09	-0.112658971453232	0.0807065765798004	0.457596357276442
0.238894832504761	0.0631863602705481	-0.0677419315472251	0.168939360876592	0.0631863602705481	0.470090158796873	0.0213328352916546	0.0793082061296693	-0.0677419315472251	0.0213328352916546	0.104878629588297	0.027668467072731	0.168939360876592	0.0793082061296693	0.027668467072731	0.186136379110069
1.28342535547427e-08	4.65386221241797e-09	-9.221006495412e-09	3.55543510638143e-09	4.65386221241797e-09	0.414953782759292	-0.166136162656269	0.275342042859424	-9.221006495412e-09	-0.166136162656269	0.194463667208663	-0.0360030295439358	3.55543510638143e-09	0.275342042859424	-0.0360030295439358	0.390582537197792
0.386696329036946	-0.0133441965119716	-0.289109291312059	1.01969934903359e-08	-0.0133441965119716	0.191784512864122	-0.0162088208235192	7.17151190529122e-09	-0.289109291312059	-0.0162088208235192	0.42151914356915	-8.81498338358712e-09	1.01969934903359e-08	7.17151190529122e-09	-8.81498338358712e-09	1.45297819331161e-08
0.0621380320444414	-9.59407711215644e-05	-0.0751227996517122	0.0830291412280537	-9.59407711215644e-05	0.227667222225037	-0.0112820993700018	0.0340341860344472	-0.0751227996517122	-0.0112820993700018	0.221168022978098	-0.0580750447991558	0.0830291412280537	0.0340341860344472	-0.0580750447991558	0.489026722752424
0.115633338201374	-0.034525132892293	-0.0997550806197257	-0.0834903173521117	-0.034525132892293	0.164373016153502	-0.0316060457286991	-0.16484610974918	-0.0997550806197257	-0.0316060457286991	0.22388998223836	0.0929193770260097	-0.0834903173521117	-0.16484610974918	0.0929193770260097	0.496103663406765
0.226134294209525	-0.0789575849523625	0.140689972765102	-0.0125540501230511	-0.0789575849523625	0.279343695995374	0.174620142561428	0.116358156142507	0.140689972765102	0.174620142561428	0.394733420337649	0.16176901519213	-0.0125540501230511	0.116358156142507	0.16176901519213	0.0997885894574526
1.41715768984785e-08	3.10780195142073e-09	-2.48624156113658e-10	6.79572693377332e-09	3.10780195142073e-09	0.28680997046416	-0.0995920468062412	0.195262153919491	-2.48624156113658e-10	-0.0995920468062412	0.463616608286014	-0.128629646159344	6.79572693377332e-09	0.195262153919491	-0.128629646159344	0.249573407078249
0.172090840764847	0.0312324468524295	-0.0953934934061839	0.134448063754512	0.0312324468524295	0.156142147065751	-0.0467704686388699	-0.00141195969421709	-0.0953934934061839	-0.0467704686388699	0.562299833396545	-0.0694740854685841	0.134448063754512	-0.00141195969421709	-0.0694740854685841	0.109467178772857
1.09015907656418e-08	-8.67500591430384e-11	-2.13983479219495e-09	9.86059005592536e-09	-8.67500591430384e-11	0.267261657558454	0.117710388207166	-0.157620510909021	-2.13983479219495e-09	0.117710388207166	0.279622616143957	-0.291759625403445	9.86059005592536e-09	-0.157620510909021	-0.291759625403445	0.453115715395998
0.267312165987222	0.0676943077999938	0.0813123144087878	-0.0828856907925194	0.0676943077999938	0.117756290179915	0.135650895958572	0.0987600119672267	0.0813123144087878	0.135650895958572	0.213316768627422	0.213763143944594	-0.0828856907925194	0.0987600119672267	0.213763143944594	0.401614775205442
1.34574413591027e-08	1.14615062361796e-08	-4.47573330594875e-09	-1.20360936200514e-08	1.14615062361796e-08	0.264702907915072	0.0368272441506596	0.0734399957079218	-4.47573330594875e-09	0.0368272441506596	0.228358672564282	0.317131393046571	-1.20360936200514e-08	0.0734399957079218	0.317131393046571	0.506938406063205
0.171061307737878	-0.0178418543962977	-0.16933087393698	-0.106501839129969	-0.0178418543962977	0.301908856945939	-0.0144081363889867	-0.0589546056115891	-0.16933087393698	-0.0144081363889867	0.360603061689834	0.0165328296025909	-0.106501839129969	-0.0589546056115891	0.0165328296025909	0.166426773626349
0.205678116836316	0.117116414065704	-0.130692852095341	-0.114180257137261	0.117116414065704	0.340098702701738	-0.113475423965486	0.135581484968645	-0.130692852095341	-0.113475423965486	0.142259444264355	0.0532201380770492	-0.114180257137261	0.135581484968645	0.0532201380770492	0.311963736197592
0.428440423976302	0.220586577138694	-0.0341246569266208	0.0119197898626723	0.220586577138694	0.277053649419308	-0.184370593552137	0.114502803959257	-0.0341246569266208	-0.184370593552137	0.188461060750012	-0.0894963280580873	0.0119197898626723	0.114502803959257	-0.0894963280580873	0.106044865854378
0.148216679062868	0.108253421875007	-0.135734203344436	0.157731455975923	0.108253421875007	0.139161761970582	-0.0946835796885876	0.159415787341606	-0.135734203344436	-0.0946835796885876	0.263219816458209	-0.0281820986669428	0.157731455975923	0.159415787341606	-0.0281820986669428	0.449401742508341
0.260586951620614	-0.190958767889272	-0.0391406270319794	-0.257499327673038	-0.190958767889272	0.173872084832812	0.0436973290192794	0.237106169672311	-0.0391406270319794	0.0436973290192794	0.155724373406711	0.0288487022031451	-0.257499327673038	0.237106169672311	0.0288487022031451	0.409816590139863
0.439072647655673	-0.29769385919467	0.219410401565385	-0.109225433416983	-0.29769385919467	0.344480008655026	-0.223186394640674	0.139211657391201	0.219410401565385	-0.223186394640674	0.157875197844334	-0.0846523921019239	-0.109225433416983	0.139211657391201	-0.0846523921019239	0.0585721458449674
0.296189650342183	0.0721698942196714	0.103228554127222	-0.206720152004233	0.0721698942196714	0.480600604075251	0.0349448169821156	-0.0515509279169128	0.103228554127222	0.0349448169821156	0.0783170279187897	-0.0771540928778687	-0.206720152004233	-0.0515509279169128	-0.0771540928778687	0.144892717663777
0.553611028022254	0.0640793072010083	-0.00455567297020342	0.0268850248652123	0.0640793072010083	0.250229820633366	-0.0576491818196677	0.117034236167481	-0.00455567297020342	-0.0576491818196677	0.130693901523136	-0.0624529557620472	0.0268850248652123	0.117034236167481	-0.0624529557620472	0.0654652498212438
0.439308486812278	-0.138341488254351	-0.0951726110210072	-0.303345116372244	-0.138341488254351	0.200542927211933	0.00309455964114746	0.0794401665493219	-0.0951726110210072	0.00309455964114746	0.116383135535582	0.123033027350228	-0.303345116372244	0.0794401665493219	0.123033027350228	0.243765450440207
0.215474506652167	0.0727994617016511	7.84907164357854e-09	0.250355468009492	0.0727994617016511	0.36942983508591	5.86880127478579e-09	-0.117707843775281	7.84907164357854e-09	5.86880127478579e-09	1.54821137923797e-08	3.63649649541941e-09	0.250355468009492	-0.117707843775281	3.63649649541941e-09	0.415095642779808
1.26986702434702e-08	5.21646619959978e-09	1.15131097435611e-08	1.44901838877772e-09	5.21646619959978e-09	0.341751853190071	0.0956785934234041	0.0280964892157784	1.15131097435611e-08	0.0956785934234041	0.372451143899738	0.29918632951104	1.44901838877772e-09	0.0280964892157784	0.29918632951104	0.28579699021152
0.229115900893479	0.170674778782992	-0.0291221554333627	0.0136759819079292	0.170674778782992	0.255255420000053	0.0924699447045553	0.0470676766798843	-0.0291221554333627	0.0924699447045553	0.333316803480824	0.227950287285359	0.0136759819079292	0.0470676766798843	0.227950287285359	0.182311875625644
0.402777936124126	0.295094742130368	-0.184141293345274	0.177963433322219	0.295094742130368	0.223634153273239	-0.124325008032911	0.132896169496524	-0.184141293345274	-0.124325008032911	0.0992608203887657	-0.07778436522398	0.177963433322219	0.132896169496524	-0.07778436522398	0.27432709021387
2.07817912108945e-08	2.89719341277886e-09	-2.56290186515053e-09	-6.12867837318605e-09	2.89719341277886e-09	0.487754416277637	-0.148143110244523	-0.0986606609924285	-2.56290186515053e-09	-0.148143110244523	0.164479607339918	0.0305123257331295	-6.12867837318605e-09	-0.0986606609924285	0.0305123257331295	0.347765955600654
0.602100166733618	-0.107273903232227	-0.00956463752946825	-0.0147235111289584	-0.107273903232227	0.168383818021948	-0.0241982880559051	0.0103315397401625	-0.00956463752946825	-0.0241982880559051	0.144243469447954	0.0874115966403274	-0.0147235111289584	0.0103315397401625	0.0874115966403274	0.0852725457964801
0.163148971941006	-0.1520858329113	0.0373498256705645	-0.100409858661155	-0.1520858329113	0.26732224349049	0.0334548134326949	0.0595266682646315	0.0373498256705645	0.0334548134326949	0.156305860975443	-0.189443537149057	-0.100409858661155	0.0595266682646315	-0.189443537149057	0.413222923593062
0.134976249432307	0.0641700431158987	0.0987237323380898	-0.213970960832062	0.0641700431158987	0.0729911952972449	-0.0348020580207557	-0.105584377072125	0.0987237323380898	-0.0348020580207557	0.386314996150781	-0.0939658959416746	-0.213970960832062	-0.105584377072125	-0.0939658959416746	0.405717559119667
0.100230153497358	-0.00806819201531448	0.0312605388877511	-0.0968581410561834	-0.00806819201531448	0.632307346961801	-0.00178782974872903	0.00831329550947841	0.0312605388877511	-0.00178782974872903	0.118961840812478	0.0472240806918029	-0.0968581410561834	0.00831329550947841	0.0472240806918029	0.148500658728363
0.354332865474188	-0.168277641519689	0.0922618004535284	-0.111051911573426	-0.168277641519689	0.178514043048487	-0.156466515109022	0.0453730528472623	0.0922618004535284	-0.156466515109022	0.15272997686195	-0.020498755843433	-0.111051911573426	0.0453730528472623	-0.020498755843433	0.314423114615375
1.32962317682698e-08	-1.24374551061766e-09	2.30981309114709e-09	-3.79046250854907e-09	-1.24374551061766e-09	0.246819524925821	-0.104338299588862	-0.00191623207489924	2.30981309114709e-09	-0.104338299588862	0.390038841382222	0.0914054989650137	-3.79046250854907e-09	-0.00191623207489924	0.0914054989650137	0.363141620395725
0.155879622729099	0.107240440018979	-0.159367727017169	-0.182494390930813	0.107240440018979	0.21978753165346	-0.0229716463502487	-0.0925002168657626	-0.159367727017169	-0.0229716463502487	0.302157374496901	0.137009688321333	-0.182494390930813	-0.0925002168657626	0.137009688321333	0.32217547112054
0.197608089365351	-0.101301009694131	0.00950764606516974	-0.0170322495600525	-0.101301009694131	0.0931884216115631	0.0856191287423377	0.105968768247127	0.00950764606516974	0.0856191287423377	0.376045693018808	0.106841572442491	-0.0170322495600525	0.105968768247127	0.106841572442491	0.333157796004277
0.292026850205144	-0.1460295139499	0.0592029964588075	0.222694860150257	-0.1460295139499	0.152773964156167	-0.0445438282659771	-0.0871689821768984	0.0592029964588075	-0.0445438282659771	0.183896731099546	0.0689686337852954	0.222694860150257	-0.0871689821768984	0.0689686337852954	0.371302454539143
0.099450529192549	0.0819938992130917	0.211263418299377	-0.0736222091485819	0.0819938992130917	0.129045879724816	0.0871753139860461	-0.0536173464973463	0.211263418299377	0.0871753139860461	0.63943326238744	-0.134617044111795	-0.0736222091485819	-0.0536173464973463	-0.134617044111795	0.132070328695195
0.496129006494147	-0.107749211092302	-0.149544269341887	-8.50430777762299e-09	-0.107749211092302	0.252424865654796	0.128740653403089	-1.38247367813576e-09	-0.149544269341887	0.128740653403089	0.251446118236581	4.00079503824136e-09	-8.50430777762299e-09	-1.38247367813576e-09	4.00079503824136e-09	9.61447603430777e-09
0.294023247566179	-0.207850871094322	0.148916331571832	-0.142681041935518	-0.207850871094322	0.160618575917205	-0.08790180118924	0.141142744866374	0.148916331571832	-0.08790180118924	0.0974709734219182	-0.0211385747693671	-0.142681041935518	0.141142744866374	-0.0211385747693671	0.447887203094698
0.168129184972183	0.0572689946461328	-0.179986914127282	-0.127936174999439	0.0572689946461328	0.177997843123723	0.0869198713445666	-0.167591067371144	-0.179986914127282	0.0869198713445666	0.331310752167921	0.0209765104885711	-0.127936174999439	-0.167591067371144	0.0209765104885711	0.322562219736173
0.094319220731813	-0.111997237742609	0.181108700493038	-0.0443360650130051	-0.111997237742609	0.303667190707172	-0.127157303187251	0.0869527286607405	0.181108700493038	-0.127157303187251	0.550314859082718	-0.00607288229273419	-0.0443360650130051	0.0869527286607405	-0.00607288229273419	0.051698729478297
0.251858028575174	-0.00226083382433035	0.104645289645007	-0.0192426907063038	-0.00226083382433035	0.261888929281122	0.0983892154883894	-0.141808023611996	0.104645289645007	0.0983892154883894	0.10400319004331	0.0176463380046738	-0.0192426907063038	-0.141808023611996	0.0176463380046738	0.382249852100394
0.112953144664786	-0.0400174363419859	-0.0552835699562857	0.0242715864242214	-0.0400174363419859	0.407316293848097	0.00621452734062644	0.269370588832498	-0.0552835699562857	0.00621452734062644	0.0603780249219277	0.00410123156337763	0.0242715864242214	0.269370588832498	0.00410123156337763	0.419352536565189
0.0473119827374065	-0.0314665387803036	0.130525738710851	0.0379925027760922	-0.0314665387803036	0.0527183276220481	0.0261490312885927	0.033322472163546	0.130525738710851	0.0261490312885927	0.761476034116087	0.31300400428472	0.0379925027760922	0.033322472163546	0.31300400428472	0.138493655524458
0.20102701568361	0.0282203019413414	0.0201515984283903	0.0896444387232662	0.0282203019413414	0.492625243867743	-0.136185528278752	0.122351476439659	0.0201515984283903	-0.136185528278752	0.205473700588078	0.0548164460684307	0.0896444387232662	0.122351476439659	0.0548164460684307	0.100874039860569
0.294872691605112	0.133539531774427	-0.2099293059024	0.127577478099532	0.133539531774427	0.240501032299521	0.0729751284722189	0.106580440037021	-0.2099293059024	0.0729751284722189	0.339160747905975	-0.0544721694054412	0.127577478099532	0.106580440037021	-0.0544721694054412	0.125465528189392
0.31184374002835	0.0274108260643951	-0.00334340745396815	0.0645023026117992	0.0274108260643951	0.252809631636513	-0.196883499095838	-0.178034825227707	-0.00334340745396815	-0.196883499095838	0.160239374048608	0.170816310205878	0.0645023026117992	-0.178034825227707	0.170816310205878	0.275107254286529
0.152613024559944	0.168640825108638	0.115347667270224	0.183235831033875	0.168640825108638	0.385356682748601	-0.0457646137510572	0.230896628938803	0.115347667270224	-0.0457646137510572	0.237969145469043	0.11375709329088	0.183235831033875	0.230896628938803	0.11375709329088	0.224061147222412
0.182413546355983	0.0357747365046306	-0.203554912409648	0.0369836724028147	0.0357747365046306	0.0706022783785727	-0.0466255723833824	0.0415720352695108	-0.203554912409648	-0.0466255723833824	0.22785347670144	-0.0448886238797615	0.0369836724028147	0.0415720352695108	-0.0448886238797615	0.519130698564004
0.287388717749876	-0.15085962607159	0.0521796826802195	-0.0476845228376898	-0.15085962607159	0.411590194693943	0.0471237419284241	0.0235604555371037	0.0521796826802195	0.0471237419284241	0.170625033789796	0.0992973861328085	-0.0476845228376898	0.0235604555371037	0.0992973861328085	0.130396053766385
0.157542462576679	0.164930545937415	-0.000655997039672546	0.0119008451085802	0.164930545937415	0.186009746295964	0.0274568818855484	-0.0108540845370112	-0.000655997039672546	0.0274568818855484	0.328075466461796	-0.196686271302077	0.0119008451085802	-0.0108540845370112	-0.196686271302077	0.328372324665562
0.41517790069909	0.222841311367804	-0.0306831589245272	0.044414278641113	0.222841311367804	0.320400071179636	-0.0339824461448869	0.0587332710972297	-0.0306831589245272	-0.0339824461448869	0.0983571746936224	-0.1059765706232	0.044414278641113	0.0587332710972297	-0.1059765706232	0.166064853427652
0.218512040672159	-0.105128726206959	0.0156193470962704	-0.135933523276828	-0.105128726206959	0.388142341993311	0.156387485263497	0.0793096455050422	0.0156193470962704	0.156387485263497	0.269600042189735	-0.0397835162192586	-0.135933523276828	0.0793096455050422	-0.0397835162192586	0.123745575144795
0.148354501663121	-0.0820434432711808	0.133977211345461	0.0188352380932254	-0.0820434432711808	0.197084992373345	-0.0615078596875743	-0.071043945433915	0.133977211345461	-0.0615078596875743	0.361827548158336	-0.0746470816821733	0.0188352380932254	-0.071043945433915	-0.0746470816821733	0.292732957805199
0.105905914625109	0.0957643203876312	0.0781940086666975	-0.0285298910034127	0.0957643203876312	0.200146627140717	0.0790049907044542	-0.180611601314106	0.0781940086666975	0.0790049907044542	0.300069647100738	-0.220480442074049	-0.0285298910034127	-0.180611601314106	-0.220480442074049	0.393877811133436
0.0722556330887503	0.0281696377376325	-0.123372246785941	-0.0204045161995436	0.0281696377376325	0.432293482354408	-0.00447023781028234	-0.15406583565278	-0.123372246785941	-0.00447023781028234	0.273628448687581	-0.0360014120692115	-0.0204045161995436	-0.15406583565278	-0.0360014120692115	0.221822435869262
0.132521161047836	-0.0676646990111645	0.147293392814139	-0.0323700154002313	-0.0676646990111645	0.158780408335432	-0.150396307157827	-0.0578908575398987	0.147293392814139	-0.150396307157827	0.209219288073984	0.00906253092680815	-0.0323700154002313	-0.0578908575398987	0.00906253092680815	0.499479142542749
1.33591421478891e-08	3.47863876498645e-09	7.77578076879324e-09	8.18503238820342e-09	3.47863876498645e-09	0.430422915119941	-0.0492854916770335	0.160319713379913	7.77578076879324e-09	-0.0492854916770335	0.40170654064882	-0.0896607443217717	8.18503238820342e-09	0.160319713379913	-0.0896607443217717	0.167870530872097
0.194016551686338	-0.179465877996427	-0.0731227785865474	0.0665283216893996	-0.179465877996427	0.250067626204334	-0.0294742241768905	-0.00403194223512359	-0.0731227785865474	-0.0294742241768905	0.454773623029992	-0.00752308206264543	0.0665283216893996	-0.00403194223512359	-0.00752308206264543	0.101142199079335
0.516889702232574	0.236797372428277	-0.259481447959206	0.105660105299761	0.236797372428277	0.14662159553913	-0.0480531306691449	0.03162495008432	-0.259481447959206	-0.0480531306691449	0.261764399133492	-0.0841999680015163	0.105660105299761	0.03162495008432	-0.0841999680015163	0.0747243030948045
0.207595526385186	0.217498222167848	0.0280933522184952	0.101502597525906	0.217498222167848	0.471625306915329	-0.0215609364291233	0.0752744540142652	0.0280933522184952	-0.0215609364291233	0.183919929787104	-0.0830509458896316	0.101502597525906	0.0752744540142652	-0.0830509458896316	0.136859236912381
0.463758605658893	-0.0979041709958925	-0.267211666835487	0.110302224069636	-0.0979041709958925	0.185463217292284	-0.032708425053431	0.0362471766181514	-0.267211666835487	-0.032708425053431	0.271910590170302	-0.142344732049655	0.110302224069636	0.0362471766181514	-0.142344732049655	0.0788675868785207
0.134872854991505	0.00492726965076536	-0.0142528636283324	0.0728169610908477	0.00492726965076536	0.507488445418397	-0.0797784368965922	0.0597594765136583	-0.0142528636283324	-0.0797784368965922	0.246302966505616	-0.0483023177381867	0.0728169610908477	0.0597594765136583	-0.0483023177381867	0.111335733084482
0.408703841593983	-0.105785183226616	-0.0558322521721484	-0.0745760015760939	-0.105785183226616	0.183933012324484	-0.0472443345811969	0.152152000426631	-0.0558322521721484	-0.0472443345811969	0.13366583152988	-0.102628225376677	-0.0745760015760939	0.152152000426631	-0.102628225376677	0.273697314551652
0.145600190865914	-0.101779371772251	-0.156717352189286	0.0320624164031618	-0.101779371772251	0.38984239448753	0.15623114708821	-0.0565797744876717	-0.156717352189286	0.15623114708821	0.272111080177067	-0.15330876172754	0.0320624164031618	-0.0565797744876717	-0.15330876172754	0.192446334469489
0.108851454354733	0.0359508018039027	0.000313106487047925	0.0363020274972023	0.0359508018039027	0.407500325636063	-0.344000903280635	0.000222293644008159	0.000313106487047925	-0.344000903280635	0.344961031123729	-0.0195917079850886	0.0363020274972023	0.000222293644008159	-0.0195917079850886	0.138687188885475
0.263654356966701	-0.0584870275875318	-0.0696900140634333	4.69079599239681e-09	-0.0584870275875318	0.233264479194484	0.2875010256968	-4.12729127902447e-09	-0.0696900140634333	0.2875010256968	0.503081155964979	-1.69051414011703e-09	4.69079599239681e-09	-4.12729127902447e-09	-1.69051414011703e-09	7.87383613009465e-09
0.139668952746064	-0.0691725936657438	-0.0213122469800266	0.175690746355375	-0.0691725936657438	0.232843429913703	-0.1252023753263	-0.218600285993024	-0.0213122469800266	-0.1252023753263	0.210436557100915	0.0904118552931238	0.175690746355375	-0.218600285993024	0.0904118552931238	0.417051060239318
0.293010376002438	-0.155079406111165	-0.0675824062173491	-0.0300147584596645	-0.155079406111165	0.125126410445007	0.0156890048723014	-0.00840517630416923	-0.0675824062173491	0.0156890048723014	0.289310724877379	0.0587130551149517	-0.0300147584596645	-0.00840517630416923	0.0587130551149517	0.292552488675176
9.77898210539507e-09	5.77085853859151e-09	-8.07920195402811e-09	8.60382545753643e-10	5.77085853859151e-09	0.268892238704251	0.00980364916805712	0.119768497851349	-8.07920195402811e-09	0.00980364916805712	0.368072729726747	0.097396331140313	8.60382545753643e-10	0.119768497851349	0.097396331140313	0.363035021790019
0.301136715157486	0.0461425049768133	0.0715658187540985	-0.0962319627198075	0.0461425049768133	0.339827680026351	-0.0371468027174535	-0.0827195511577064	0.0715658187540985	-0.0371468027174535	0.286090041053801	-0.037335879900987	-0.0962319627198075	-0.0827195511577064	-0.037335879900987	0.0729455637623625
0.169549399542205	-0.0615336475709072	0.124326368270861	0.00694770448454691	-0.0615336475709072	0.436567865405195	-0.0873895606296108	0.174485178126798	0.124326368270861	-0.0873895606296108	0.163631351724469	0.0157305786196249	0.00694770448454691	0.174485178126798	0.0157305786196249	0.230251383328131
0.388898183870184	-0.00664490963129079	0.0428043029670471	0.0919033859849422	-0.00664490963129079	0.11971137609624	-0.0709798160796642	-0.016320313393687	0.0428043029670471	-0.0709798160796642	0.105072403318099	0.00856509887382916	0.0919033859849422	-0.016320313393687	0.00856509887382916	0.386318036715477
3.17058999262616e-08	2.31901666127333e-08	-7.60333331565026e-10	-2.54711666074284e-08	2.31901666127333e-08	0.514933987642318	-0.333007547988424	-0.161508164307514	-7.60333331565026e-10	-0.333007547988424	0.344413402728631	0.00328449704969458	-2.54711666074284e-08	-0.161508164307514	0.00328449704969458	0.140652577923151
0.160449561815001	-0.120057336409605	0.136877734556702	-0.0686383967598662	-0.120057336409605	0.233704427015396	-0.195985632944432	0.026803027567579	0.136877734556702	-0.195985632944432	0.286244314879463	-0.10523120795568	-0.0686383967598662	0.026803027567579	-0.10523120795568	0.319601696290139
0.319046251727267	0.055291581724937	2.70392291833555e-09	-0.141994531776573	0.055291581724937	0.494066647294101	1.49861490558597e-08	0.220190648074304	2.70392291833555e-09	1.49861490558597e-08	1.57652454899564e-08	1.52611242678939e-08	-0.141994531776573	0.220190648074304	1.52611242678939e-08	0.186887085213387
0.131749570920739	-0.14372509135481	-0.13299391106124	0.0626986563186776	-0.14372509135481	0.434442484555266	0.0139548124792437	-0.0259715691197734	-0.13299391106124	0.0139548124792437	0.196177927809648	-0.0833275176693458	0.0626986563186776	-0.0259715691197734	-0.0833275176693458	0.237630016714346
0.392385335948411	0.202073255563212	0.237568893585925	-0.148002025418814	0.202073255563212	0.116794767476253	0.137484303069251	-0.0478601054901305	0.237568893585925	0.137484303069251	0.208411369527966	0.031354684007161	-0.148002025418814	-0.0478601054901305	0.031354684007161	0.282408527047371
0.228735783582961	0.263628959837405	0.12270387879679	-0.178047598287329	0.263628959837405	0.446688566557217	0.0982123316090908	-0.161677563011731	0.12270387879679	0.0982123316090908	0.0995686789620653	-0.0703804076991463	-0.178047598287329	-0.161677563011731	-0.0703804076991463	0.225006970897756
0.111238884123579	0.136778070693191	-0.0689974777680823	0.108351449122479	0.136778070693191	0.312588633337811	-0.150875693416055	0.121367180154398	-0.0689974777680823	-0.150875693416055	0.224499595978625	0.0797183952168452	0.108351449122479	0.121367180154398	0.0797183952168452	0.351672886559985
0.210990503509552	-0.15774545218541	0.0475552933984912	0.173143658043086	-0.15774545218541	0.319201235868681	-0.108636069236798	-0.0425656983223652	0.0475552933984912	-0.108636069236798	0.142070957612407	-0.117134528620511	0.173143658043086	-0.0425656983223652	-0.117134528620511	0.32773730300936
0.331008465273048	0.168450550068932	0.146423267473304	-0.0567459765912181	0.168450550068932	0.188150981176903	0.101159809648477	-0.121224396479505	0.146423267473304	0.101159809648477	0.239195433402206	-0.0686079186836454	-0.0567459765912181	-0.121224396479505	-0.0686079186836454	0.241645120147843
0.0965854474439416	-0.0457801149514349	0.0725780611636813	-0.0578378432642275	-0.0457801149514349	0.389174917288269	-0.0471672702160197	-0.202968732229618	0.0725780611636813	-0.0471672702160197	0.0924409542673484	-0.048272829022905	-0.0578378432642275	-0.202968732229618	-0.048272829022905	0.421798681000441
0.19018768061396	0.16340489629185	0.148110335320777	-0.0642699320099962	0.16340489629185	0.175546164287481	0.158188350520097	0.0424871369895285	0.148110335320777	0.158188350520097	0.315490783850084	-0.00349318857483604	-0.0642699320099962	0.0424871369895285	-0.00349318857483604	0.318775371248475
0.136912896495366	0.136781211697437	-0.0928804298359365	0.166524156469476	0.136781211697437	0.344944469588178	0.0415623527279919	0.0807864834847205	-0.0928804298359365	0.0415623527279919	0.175696632016261	-0.153721012396573	0.166524156469476	0.0807864834847205	-0.153721012396573	0.342446001900194
0.404723565983065	-0.0740382177187316	-0.131226761296557	0.0977638181378544	-0.0740382177187316	0.164250919903844	0.117280499594097	-0.087070170612316	-0.131226761296557	0.117280499594097	0.14770311984666	-0.0529925249557957	0.0977638181378544	-0.087070170612316	-0.0529925249557957	0.283322394266431
0.218370912808939	-0.0700171276254274	-0.0353180282062845	0.065144423754189	-0.0700171276254274	0.284043680800576	0.118935515430192	0.104616302849707	-0.0353180282062845	0.118935515430192	0.3362357742612	0.18350581108687	0.065144423754189	0.104616302849707	0.18350581108687	0.161349632129285
0.013058012102777	0.0205139103040994	0.0141654544513167	-0.00968695057171269	0.0205139103040994	0.65699944390584	-0.181396701122266	0.0290378495560115	0.0141654544513167	-0.181396701122266	0.31706468080083	-0.00584875159406603	-0.00968695057171269	0.0290378495560115	-0.00584875159406603	0.012877863190553
0.306787948819318	0.15005426258536	-0.0640029649926211	-0.221861076887856	0.15005426258536	0.125727328778944	-0.143789779246424	-0.102748337516304	-0.0640029649926211	-0.143789779246424	0.406405037430886	0.0338897870528014	-0.221861076887856	-0.102748337516304	0.0338897870528014	0.161079684970852
0.333094516181947	-0.109039582737517	0.109813133908458	0.125384383337738	-0.109039582737517	0.276388718043253	0.151348917957062	0.0901668109281439	0.109813133908458	0.151348917957062	0.267132355002971	0.124998056098422	0.125384383337738	0.0901668109281439	0.124998056098422	0.123384410771829
0.089953099889226	-0.0978500662159351	0.11192295216457	-0.00747205830264528	-0.0978500662159351	0.12180310548189	-0.118040414279467	0.00850713566833211	0.11192295216457	-0.118040414279467	0.343046431867388	0.228328452717526	-0.00747205830264528	0.00850713566833211	0.228328452717526	0.445197362761496
0.105806152797974	-0.132291892798006	-0.0401503052907066	0.135690599803783	-0.132291892798006	0.206309137680477	0.0345350944799565	-0.164467783438426	-0.0401503052907066	0.0345350944799565	0.423980606057404	0.0598863599841822	0.135690599803783	-0.164467783438426	0.0598863599841822	0.263904103464144
0.0948804066515235	-0.037791199047702	0.0435485913916917	0.0366956442279143	-0.037791199047702	0.417765089413374	-0.147353581460075	-0.0642697235008211	0.0435485913916917	-0.147353581460075	0.422987003902391	-0.0560075331141705	0.0366956442279143	-0.0642697235008211	-0.0560075331141705	0.0643675000327119
0.321858996273862	-1.26178473564662e-08	-0.12500772508838	0.189742236584803	-1.26178473564662e-08	1.27084060695508e-08	-3.83365218725168e-09	-9.14643002155322e-09	-0.12500772508838	-3.83365218725168e-09	0.126878024530122	0.0150866772552547	0.189742236584803	-9.14643002155322e-09	0.0150866772552547	0.55126296648761
0.156583566045349	-0.131590729111784	-0.098685836529834	-0.11494285176306	-0.131590729111784	0.204475675835061	-0.120564038412173	0.0271973192449552	-0.098685836529834	-0.120564038412173	0.503267564447631	0.222860833575122	-0.11494285176306	0.0271973192449552	0.222860833575122	0.135673193671959
0.243598395019337	0.128123416524744	-0.150811964366094	-0.153371743719152	0.128123416524744	0.215394367143669	-0.014276600114109	-0.110045833211088	-0.150811964366094	-0.014276600114109	0.303676687481752	0.236425112197569	-0.153371743719152	-0.110045833211088	0.236425112197569	0.237330550355243
0.442612468158582	0.19105459779532	0.173820946660776	0.0981617014908251	0.19105459779532	0.253912952082207	0.242579362718007	0.0862965959835433	0.173820946660776	0.242579362718007	0.23447474927199	0.0720511294986392	0.0981617014908251	0.0862965959835433	0.0720511294986392	0.0689998304872211
0.202798319933376	0.133219440815045	1.04011397811364e-09	0.101181210752871	0.133219440815045	0.285299865782426	9.76802692489331e-09	0.0278330908532198	1.04011397811364e-09	9.76802692489331e-09	1.03333062608246e-08	-5.60757101243875e-09	0.101181210752871	0.0278330908532198	-5.60757101243875e-09	0.511901803950892
0.052502047015286	-0.108912876344571	0.0324485724948626	-0.0561199309004058	-0.108912876344571	0.516343313109626	-0.0124004446142433	0.0536002328906757	0.0324485724948626	-0.0124004446142433	0.0363752234407443	-0.0689479846562059	-0.0561199309004058	0.0536002328906757	-0.0689479846562059	0.394779416434344
1.12600484697531e-08	-1.06274614770704e-09	-1.16649041450701e-08	5.49085509648636e-09	-1.06274614770704e-09	0.317242699120825	-0.0485151953924826	-0.0200199633731276	-1.16649041450701e-08	-0.0485151953924826	0.340971528812359	-0.306289438515709	5.49085509648636e-09	-0.0200199633731276	-0.306289438515709	0.341785760806767
0.219425588920226	0.1941599693659	0.111660433384754	0.147793501600833	0.1941599693659	0.27616762168687	0.10452762030879	-0.0510017192495518	0.111660433384754	0.10452762030879	0.0840477663147859	0.0758631722432524	0.147793501600833	-0.0510017192495518	0.0758631722432524	0.420359023078118
0.464030873290552	-0.054407304293714	0.0999925541601357	0.00460800781435333	-0.054407304293714	0.107782485468673	-0.143160381801956	0.0600053360117672	0.0999925541601357	-0.143160381801956	0.268160586159387	-0.0697824156851534	0.00460800781435333	0.0600053360117672	-0.0697824156851534	0.160026055081387
0.350187733025734	0.0445920198070817	-0.188996679676239	0.260493096924148	0.0445920198070817	0.3062654030874	0.0525335607713293	0.125324576111615	-0.188996679676239	0.0525335607713293	0.121522026001741	-0.11710439371982	0.260493096924148	0.125324576111615	-0.11710439371982	0.222024837885126
0.0313944448204026	0.0597271317371099	-0.145984791682297	-0.0354332732341663	0.0597271317371099	0.182956085167399	-0.238140164167679	-0.0444405082065479	-0.145984791682297	-0.238140164167679	0.728828814210734	0.193772170043008	-0.0354332732341663	-0.0444405082065479	0.193772170043008	0.0568206558014646
0.0906229155198219	-0.0579445509994432	0.0599735516002545	0.147241187003963	-0.0579445509994432	0.165672727597038	-0.0568834062525255	-0.0213973880252557	0.0599735516002545	-0.0568834062525255	0.0680245405352216	-0.0137616718990319	0.147241187003963	-0.0213973880252557	-0.0137616718990319	0.675679816347918
0.310347965499143	-0.0296170129603204	-0.0578041221142878	-0.155239198400812	-0.0296170129603204	0.0761855186380453	-0.0724122944713857	-0.0560531000130284	-0.0578041221142878	-0.0724122944713857	0.122920647989925	0.0842766726464421	-0.155239198400812	-0.0560531000130284	0.0842766726464421	0.490545867872887
0.0763690304952179	-0.0712705460685632	0.11915585201564	-0.0419124504120964	-0.0712705460685632	0.389559054761285	-0.00989471474868408	-0.000738258401361844	0.11915585201564	-0.00989471474868408	0.477664568995524	-0.132892169551501	-0.0419124504120964	-0.000738258401361844	-0.132892169551501	0.0564073457479732
0.0858818986730238	-0.0680712005804316	-0.000422413625027804	-0.107123864164491	-0.0680712005804316	0.110425240805957	-0.0728136740926591	0.0484951800592808	-0.000422413625027804	-0.0728136740926591	0.433115779022854	0.0882727625536261	-0.107123864164491	0.0484951800592808	0.0882727625536261	0.370577081498165
0.414062420454709	-0.00554194348573171	-0.0325383026669243	-0.303748184576826	-0.00554194348573171	0.0975186747041173	0.0849148961451728	0.0448415368237544	-0.0325383026669243	0.0849148961451728	0.184541021768864	0.0599437623498099	-0.303748184576826	0.0448415368237544	0.0599437623498099	0.303877883072309
0.264248183193104	0.118922739438387	0.0235507449066248	0.121319807556301	0.118922739438387	0.358887099506703	0.0807033553685541	0.1426429161533	0.0235507449066248	0.0807033553685541	0.25831424836913	0.00319126574030021	0.121319807556301	0.1426429161533	0.00319126574030021	0.118550468931062
0.165105017433789	-0.141243967562415	0.0787605178754226	0.120443174824972	-0.141243967562415	0.215591516875205	-0.155458365394258	-0.109118948358814	0.0787605178754226	-0.155458365394258	0.119442757943653	0.0631088950885989	0.120443174824972	-0.109118948358814	0.0631088950885989	0.499860707747353
0.170494192697892	0.0501023475049886	0.108218693850241	0.0406417845617777	0.0501023475049886	0.269441527025221	-0.0379123442028185	-0.118272384905221	0.108218693850241	-0.0379123442028185	0.105695585293127	0.114983555387773	0.0406417845617777	-0.118272384905221	0.114983555387773	0.45436869498376
0.29289753717155	-0.165334232187726	-0.0266774092266777	0.129687621472916	-0.165334232187726	0.445239678569654	-0.0768323806203384	-0.170788516707984	-0.0266774092266777	-0.0768323806203384	0.155144881854068	-0.0307248307507536	0.129687621472916	-0.170788516707984	-0.0307248307507536	0.106717902404728
0.310583001137751	-0.0996891102702913	-0.181367996633645	0.152416965669226	-0.0996891102702913	0.408160108705692	0.0206216718303869	-0.0920776573730804	-0.181367996633645	0.0206216718303869	0.149291084005715	-0.0392066480323364	0.152416965669226	-0.0920776573730804	-0.0392066480323364	0.131965806150842
0.207555361091425	0.12301164392539	0.0786324543733776	-0.0135386047440293	0.12301164392539	0.145172855304394	0.0840948388819279	0.00186988898101071	0.0786324543733776	0.0840948388819279	0.353852643258874	0.152925715235857	-0.0135386047440293	0.00186988898101071	0.152925715235857	0.293419140345307
0.434780086894865	0.165965867947545	-0.167305032754032	-0.0893969061887819	0.165965867947545	0.333355451804598	0.0438492597545563	0.0327410355974208	-0.167305032754032	0.0438492597545563	0.144704170725896	0.0851315734260922	-0.0893969061887819	0.0327410355974208	0.0851315734260922	0.087160290574641
0.123962663544147	0.0273966659842853	-0.142202171832136	-0.102534017010482	0.0273966659842853	0.31527598934526	0.0037707343907197	0.0401362626702277	-0.142202171832136	0.0037707343907197	0.181296503755174	0.141008601809123	-0.102534017010482	0.0401362626702277	0.141008601809123	0.379464843355419
0.133621886716254	0.0826007448318539	-0.142149534833205	-0.136684717000927	0.0826007448318539	0.281777330300722	0.0644852606950177	0.109846760901897	-0.142149534833205	0.0644852606950177	0.281082432139532	0.273744317701117	-0.136684717000927	0.109846760901897	0.273744317701117	0.303518350843493
1.40377144304096e-08	1.06105380557979e-08	-7.78654472311782e-09	1.35990358544593e-08	1.06105380557979e-08	0.292526503519459	-0.0806927708471024	0.227873714279738	-7.78654472311782e-09	-0.0806927708471024	0.316593795954297	-0.220637397377169	1.35990358544593e-08	0.227873714279738	-0.220637397377169	0.390879686488529
0.0713644898479856	-0.0590099570306067	-0.0570613829839733	0.00917539908735533	-0.0590099570306067	0.100094098451344	-0.00553523501023577	-0.155830107417583	-0.0570613829839733	-0.00553523501023577	0.398977876490629	0.145005459269706	0.00917539908735533	-0.155830107417583	0.145005459269706	0.429563535210041
0.265876400199973	0.210076150722372	-0.218062820496075	0.0966269707901233	0.210076150722372	0.238966983852014	-0.0828201158624131	-0.00775760691399768	-0.218062820496075	-0.0828201158624131	0.288551265011717	-0.18236731761037	0.0966269707901233	-0.00775760691399768	-0.18236731761037	0.206605350936297
0.370957155996391	0.110103741669667	0.170613857268037	-0.182870483211589	0.110103741669667	0.0423361949788245	0.0723746687707231	-0.0840664817534616	0.170613857268037	0.0723746687707231	0.404661916293031	-0.151157001574292	-0.182870483211589	-0.0840664817534616	-0.151157001574292	0.182044732731754
0.377393110258835	-0.104082465479336	-0.0541167596007549	-0.19267798157848	-0.104082465479336	0.223021761436349	-0.0895737687963794	-0.0269891612237847	-0.0541167596007549	-0.0895737687963794	0.100555998581769	0.149043791844117	-0.19267798157848	-0.0269891612237847	0.149043791844117	0.299029129723047
0.148544841100555	-0.0222077241765252	-0.0482690856633543	0.0394694532698565	-0.0222077241765252	0.149229784618062	0.184321423316789	-0.019083714736288	-0.0482690856633543	0.184321423316789	0.489166098207531	0.166642913940196	0.0394694532698565	-0.019083714736288	0.166642913940196	0.213059276073853
0.180836284773982	0.0200603601314101	-0.1531226555077	0.0160527333669732	0.0200603601314101	0.147056802762775	-0.0122612026798636	0.180724672549422	-0.1531226555077	-0.0122612026798636	0.430938527400613	0.0550799343166917	0.0160527333669732	0.180724672549422	0.0550799343166917	0.241168385062631
0.212308797170242	-0.0343432243469852	-0.0372078199836324	-0.239915326184936	-0.0343432243469852	0.236341932836935	-0.114500368125856	0.124062916332038	-0.0372078199836324	-0.114500368125856	0.205699003673696	-0.0165554586523863	-0.239915326184936	0.124062916332038	-0.0165554586523863	0.345650266319126
0.173849413217622	-0.152032748018176	-0.00249490172442144	-0.0846159323588484	-0.152032748018176	0.166990073871886	0.086657468288237	0.0504562082859785	-0.00249490172442144	0.086657468288237	0.452076307491297	-0.0477026856884958	-0.0846159323588484	0.0504562082859785	-0.0477026856884958	0.207084205419195
0.0440068974099339	-0.0823232727064749	-0.0330865707160415	-0.00587093325019583	-0.0823232727064749	0.198211500604753	0.191548230188564	0.0715242292710203	-0.0330865707160415	0.191548230188564	0.405106904539871	0.181962437401595	-0.00587093325019583	0.0715242292710203	0.181962437401595	0.352674697445442
0.454378253681025	-0.0999157524878654	0.110502777113672	0.0949498904120709	-0.0999157524878654	0.270443973060353	-0.013448208851882	-0.128322341979744	0.110502777113672	-0.013448208851882	0.178252857724512	0.0863790911469523	0.0949498904120709	-0.128322341979744	0.0863790911469523	0.0969249155341109
9.94545369253458e-09	6.23006780284057e-09	1.81238336082635e-10	-2.33344357706392e-09	6.23006780284057e-09	0.279368317005277	0.0896319869973383	-0.223743132613535	1.81238336082635e-10	0.0896319869973383	0.516160457440631	-0.146657936707509	-2.33344357706392e-09	-0.223743132613535	-0.146657936707509	0.204471215608639
0.0789347367363863	-0.0369026944095507	-0.0500327349073536	0.0147445943167091	-0.0369026944095507	0.0769639312362382	0.0257754368132031	0.00506144620838856	-0.0500327349073536	0.0257754368132031	0.209233249541559	0.2051492134552	0.0147445943167091	0.00506144620838856	0.2051492134552	0.634868082485816
1.12530558581508e-08	6.85358987105461e-09	-2.57383724415151e-09	-5.68638460917194e-10	6.85358987105461e-09	0.194359100793288	0.00763284905498986	0.113301044841196	-2.57383724415151e-09	0.00763284905498986	0.490942915981047	0.209337922356009	-5.68638460917194e-10	0.113301044841196	0.209337922356009	0.314697971972609
0.329806676298078	0.0856206616684192	0.151151558477973	-0.086640471074076	0.0856206616684192	0.0865618246760528	0.0293399572424234	-0.0411448158172778	0.151151558477973	0.0293399572424234	0.0707968438958389	-0.0368372585757137	-0.086640471074076	-0.0411448158172778	-0.0368372585757137	0.51283465513003
0.361410608941864	0.00315291976362615	-0.0497403463778928	0.16695105672553	0.00315291976362615	0.179449034900703	0.126380288836059	0.081676513210362	-0.0497403463778928	0.126380288836059	0.159801505498325	0.0168102271109855	0.16695105672553	0.081676513210362	0.0168102271109855	0.299338850659107
1.34438747390196e-08	2.44434086163993e-09	4.94688031522366e-10	-1.54808254570529e-08	2.44434086163993e-09	0.394706310323699	-0.218586946337153	-0.164461036016024	4.94688031522366e-10	-0.218586946337153	0.331651549707391	-0.116761726074485	-1.54808254570529e-08	-0.164461036016024	-0.116761726074485	0.273642126525036
0.0699264859015609	-0.0522670300702095	0.00667452781275871	0.0156831655188514	-0.0522670300702095	0.0936704233432054	-0.130253056398621	-0.0589338762665408	0.00667452781275871	-0.130253056398621	0.521151918666559	-0.0764198399240615	0.0156831655188514	-0.0589338762665408	-0.0764198399240615	0.315251172088674
0.230662778545102	0.190503686620277	0.118004703396742	-0.0795675885636109	0.190503686620277	0.378924611556272	0.125501967457319	-0.248154222104199	0.118004703396742	0.125501967457319	0.167994310841836	-0.0829426687849407	-0.0795675885636109	-0.248154222104199	-0.0829426687849407	0.22241829905679
0.199775317730534	0.0678871184043734	-0.099663914203114	0.0610442708287288	0.0678871184043734	0.0720922473953735	0.00504700055418824	-0.0141164355910912	-0.099663914203114	0.00504700055418824	0.0806107366105639	-0.0581259577383966	0.0610442708287288	-0.0141164355910912	-0.0581259577383966	0.647521698263528
0.52261918292213	0.0898734513142035	0.0558754996237149	0.212817229294224	0.0898734513142035	0.151812147520284	0.109491652686011	-0.0142383826540741	0.0558754996237149	0.109491652686011	0.155411352490552	0.0488032732189048	0.212817229294224	-0.0142383826540741	0.0488032732189048	0.170157317067035
0.30125511122096	-0.103823650106639	-0.110138336226419	0.0830714581807108	-0.103823650106639	0.105691780821084	-0.0383926845214804	-0.0759561124003822	-0.110138336226419	-0.0383926845214804	0.284533355968521	4.26181527999777e-05	0.0830714581807108	-0.0759561124003822	4.26181527999777e-05	0.308519751989434
0.189861149299506	0.0208490918613687	0.0597698228558848	0.170534152412369	0.0208490918613687	0.304079587976287	-0.156000641111824	0.0393458550113205	0.0597698228558848	-0.156000641111824	0.238244631770261	-0.0767174485148304	0.170534152412369	0.0393458550113205	-0.0767174485148304	0.267814630953946
0.279505504896966	-0.164044608438576	-0.243920917559281	-0.0827659716962638	-0.164044608438576	0.247322613595967	0.156058613284791	0.149125891719793	-0.243920917559281	0.156058613284791	0.223098117133928	0.0933137343791896	-0.0827659716962638	0.149125891719793	0.0933137343791896	0.250073764373139
0.0846753785997625	0.110200615580063	-0.145800993943578	0.0128360950311528	0.110200615580063	0.207352158711457	-0.20573997383797	0.0428459852140136	-0.145800993943578	-0.20573997383797	0.255050132648852	-0.0286392311164318	0.0128360950311528	0.0428459852140136	-0.0286392311164318	0.452922330039929
0.219780242244123	0.00128367473110728	0.0124405849770871	0.11984027242299	0.00128367473110728	0.46075766246413	0.19459038433773	-0.216675802504934	0.0124405849770871	0.19459038433773	0.0912635705467969	-0.102386006514462	0.11984027242299	-0.216675802504934	-0.102386006514462	0.22819852474495
0.0825531053072208	0.0591989060697001	-0.00977602297197573	-0.0502655745458687	0.0591989060697001	0.077863663868484	-0.150151427739115	-0.0347273929416811	-0.00977602297197573	-0.150151427739115	0.579756040919095	0.000624581548187352	-0.0502655745458687	-0.0347273929416811	0.000624581548187352	0.2598271899052
0.178569603620177	-0.140543649127181	-0.0371132064929469	-0.0682443951771936	-0.140543649127181	0.316415321529104	-0.116636877908896	0.108656567025362	-0.0371132064929469	-0.116636877908896	0.231888994764612	-0.103887353601737	-0.0682443951771936	0.108656567025362	-0.103887353601737	0.273126080086107
